single point
       alpha_p                      0.002500000000000000    1.000000000000000    0.000000000000000
       alpha_m                      0.001767341687515000    1.000000000000000    0.000000000000000
           n_p                      2.049673526447000    1.000000000000000    0.000000000000000
           n_m                      2.050016686458000    1.000000000000000    0.000000000000000
          wr_p                      0.2277613557428000    1.000000000000000    0.000000000000000
          wr_m                      0.1617251881954000    1.000000000000000    0.000000000000000
         tcs_p                      0.4421987926801600    1.000000000000000    0.000000000000000
         tcs_m                      0.9518217169955100    1.000000000000000    0.000000000000000
         tcd_p                      0.1035949279688800    1.000000000000000    0.000000000000000
         tcd_m                      0.9842461551634800    1.000000000000000    0.000000000000000
          af_p                      1.505069243575600    1.000000000000000    0.000000000000000
          af_m                      1.499402541012000    1.000000000000000    0.000000000000000
         auf_p                      0.4857919191170300    1.000000000000000    0.000000000000000
         auf_m                      0.6988849564272600    1.000000000000000    0.000000000000000
         por_p                      0.6383346218070800    1.000000000000000    0.000000000000000
         por_m                      0.4816185812410500    1.000000000000000    0.000000000000000
        perm_p                      1.337220392740000e-11    1.000000000000000    0.000000000000000
        perm_m                      1.750000000000000e-13    1.000000000000000    0.000000000000000
         den_p                      900.0000000000000    1.000000000000000    0.000000000000000
         den_m                      1900.000000000000    1.000000000000000    0.000000000000000
          b_bc                      268.4500000000000    1.000000000000000    0.000000000000000
