single point
       alpha_p                      0.002500000000000000    1.000000000000000    0.000000000000000
       alpha_m                      0.001798102273477000    1.000000000000000    0.000000000000000
           n_p                      2.049674285368000    1.000000000000000    0.000000000000000
           n_m                      2.050016804822000    1.000000000000000    0.000000000000000
          wr_p                      0.2277596230703000    1.000000000000000    0.000000000000000
          wr_m                      0.1617243767680000    1.000000000000000    0.000000000000000
         tcs_p                      0.4421976473022000    1.000000000000000    0.000000000000000
         tcs_m                      0.9518219052089200    1.000000000000000    0.000000000000000
         tcd_p                      0.1035939116800600    1.000000000000000    0.000000000000000
         tcd_m                      0.9842462235751800    1.000000000000000    0.000000000000000
          af_p                      1.505069319199400    1.000000000000000    0.000000000000000
          af_m                      1.499402541012000    1.000000000000000    0.000000000000000
         auf_p                      0.4857924864843200    1.000000000000000    0.000000000000000
         auf_m                      0.6988849564272600    1.000000000000000    0.000000000000000
         por_p                      0.6383337290552700    1.000000000000000    0.000000000000000
         por_m                      0.4816186503710200    1.000000000000000    0.000000000000000
        perm_p                      1.336660000000000e-11    1.000000000000000    0.000000000000000
        perm_m                      1.750000000000000e-13    1.000000000000000    0.000000000000000
         den_p                      900.0000000000000    1.000000000000000    0.000000000000000
         den_m                      1900.000000000000    1.000000000000000    0.000000000000000
          b_bc                      268.4500000000000    1.000000000000000    0.000000000000000
