single point
       alpha_p                      0.002500000000000000    1.000000000000000    0.000000000000000
       alpha_m                      0.001814319784229000    1.000000000000000    0.000000000000000
           n_p                      2.049744904677000    1.000000000000000    0.000000000000000
           n_m                      2.050021784124000    1.000000000000000    0.000000000000000
          wr_p                      0.2276244173820000    1.000000000000000    0.000000000000000
          wr_m                      0.1616200124834000    1.000000000000000    0.000000000000000
         tcs_p                      0.4420579616182700    1.000000000000000    0.000000000000000
         tcs_m                      0.9518463594009500    1.000000000000000    0.000000000000000
         tcd_p                      0.1034698691789000    1.000000000000000    0.000000000000000
         tcd_m                      0.9842544319879700    1.000000000000000    0.000000000000000
          af_p                      1.505075452068700    1.000000000000000    0.000000000000000
          af_m                      1.499401387832400    1.000000000000000    0.000000000000000
         auf_p                      0.4858604373525300    1.000000000000000    0.000000000000000
         auf_m                      0.6988849564272600    1.000000000000000    0.000000000000000
         por_p                      0.6382721366898200    1.000000000000000    0.000000000000000
         por_m                      0.4816414575376600    1.000000000000000    0.000000000000000
        perm_p                      1.336655531800000e-11    1.000000000000000    0.000000000000000
        perm_m                      1.568215185600000e-13    1.000000000000000    0.000000000000000
         den_p                      900.0000000000000    1.000000000000000    0.000000000000000
         den_m                      1900.000000000000    1.000000000000000    0.000000000000000
          b_bc                      268.4500000000000    1.000000000000000    0.000000000000000
