single point
       alpha_p                      0.005841229934020000    1.000000000000000    0.000000000000000
       alpha_m                      0.001797851411527000    1.000000000000000    0.000000000000000
           n_p                      2.049847831696000    1.000000000000000    0.000000000000000
           n_m                      2.050004978146000    1.000000000000000    0.000000000000000
          wr_p                      0.2265768255334000    1.000000000000000    0.000000000000000
          wr_m                      0.1606777677813000    1.000000000000000    0.000000000000000
         tcs_p                      0.4409585374659200    1.000000000000000    0.000000000000000
         tcs_m                      0.9519468517995900    1.000000000000000    0.000000000000000
         tcd_p                      0.1023971663691000    1.000000000000000    0.000000000000000
         tcd_m                      0.9843240132769400    1.000000000000000    0.000000000000000
          af_p                      1.505099432396500    1.000000000000000    0.000000000000000
          af_m                      1.499398153412600    1.000000000000000    0.000000000000000
         auf_p                      0.4863420797422100    1.000000000000000    0.000000000000000
         auf_m                      0.6988825365243601    1.000000000000000    0.000000000000000
         por_p                      0.6380320996305000    1.000000000000000    0.000000000000000
         por_m                      0.4813455592527400    1.000000000000000    0.000000000000000
        perm_p                      1.336655531800000e-11    1.000000000000000    0.000000000000000
        perm_m                      1.226891394280000e-13    1.000000000000000    0.000000000000000
         den_p                      900.0000000000000    1.000000000000000    0.000000000000000
         den_m                      1900.000000000000    1.000000000000000    0.000000000000000
          b_bc                      268.4500000000000    1.000000000000000    0.000000000000000
