0.0 260.207261753 261.5472264651 262.5130099496 263.4419936328 265.3327882889 267.0944652207 268.2767993339 6.471333651649648 6.476779674522567 6.481330880132474 7.729535156541214 7.7538074633655505 7.785915434120853 7.816550273517397
86400.0 263.5358790672 263.4265667535 263.5825210647 263.9381112586 265.2858683678 266.9381060043 268.1310469015 6.486883462796182 6.486248390537439 6.487157755793777 7.735140130669396 7.753084557348453 7.782527547106456 7.812202069310232
172800.0 262.5715209744 263.2560442941 263.6895428938 264.1326004941 265.3369757363 266.8432237094 268.0057482445 6.4816265509357125 6.485278863957546 6.4877948033050075 7.737479176798545 7.753842129891488 7.7805328523824935 7.8086113488093405
259200.0 261.4009212965 262.6405186416 263.3742267075 264.0137198309 265.3217296864 266.766048726 267.8963820527 6.476139824311897 6.4819783927397765 6.485948099721142 7.7360525534519695 7.753610105933289 7.7789430217142055 7.805581798669359
345600.0 261.861697974 262.7627672927 263.3909916474 263.9928094636 265.288020401 266.6946824912 267.7983558073 6.478197039564287 6.482610396520198 6.486044021485579 7.735800992992045 7.753102119666246 7.777498068954885 7.802944938615151
432000.0 262.0421866313 262.8714253205 263.4486735526 264.0111126509 265.2587801374 266.6281827021 267.7086804314 6.479037694650293 6.483181611326384 6.486375955573044 7.736017060851899 7.752663193817271 7.776172857841893 7.800594805097256
518400.0 262.1668288474 262.957602188 263.5048997326 264.0389449191 265.237073461 266.5674652073 267.6259502182 6.479630343193094 6.483641145308312 6.486702382910481 7.736348906222028 7.752338191287761 7.774980299616174 7.798477157721539
604800.0 262.2595936214 263.0255829598 263.5528534496 264.0662563171 265.2207564679 266.5126525236 267.5494435208 6.480078035877454 6.484007795626116 6.486983053874624 7.736676540610354 7.752094358385047 7.773917676973415 7.796560332565721
691200.0 262.0878982218 262.9479137703 263.5138262271 264.0464892878 265.1965274369 266.4608936806 267.4780406621 6.479253875896493 6.483589190961031 6.486754470070717 7.736438885677154 7.75173564718211 7.772926163973458 7.794806157269872
777600.0 260.3910268125 262.0104267287 262.9441437463 263.7202614239 265.0900592041 266.3946343022 267.40668942 6.472029158296197 6.478888281619189 6.48356899419444 7.7326273302486115 7.750187486862133 7.771673393981994 7.79308572646019
864000.0 258.579713173 260.7984440273 262.0912829571 263.1505476019 264.866562985 266.2930952143 267.3268227163 6.465763442551888 6.473626434020898 6.479269936626626 7.726416767768288 7.7470353486628545 7.7697886279056085 7.791197254258222
950400.0 257.8303975917 260.0569653293 261.4331034363 262.6085975097 264.5746507856 266.1516415449 267.2316189477 6.463504872853756 6.470775798105842 6.476279536012245 7.720968851820477 7.743101341705979 7.767231058894319 7.788995806868847
1036800.0 257.9920508696 259.8873577415 261.1339443388 262.2575237233 264.2897504141 265.9839905555 267.1201126419 6.46397780404686 6.47015775973791 6.475002631744348 7.717646732640714 7.739445167339234 7.7642975873957605 7.786483367331774
1123200.0 259.3821956732 260.5181632875 261.384896249 262.2571575727 264.099908091 265.8190125892 266.9989221896 6.468385561761083 6.472519247059267 6.476070469969736 7.717625355599833 7.737098460140945 7.761508836576453 7.783829871607818
1209600.0 260.9326710629 261.4442944604 261.9406327919 262.5248264247 264.039820161 265.6847321723 266.8793494655 6.4741701826275415 6.476328254980634 6.478562182250776 7.720121621920515 7.736363540221744 7.759306982773804 7.781286869165352
1296000.0 260.1905730624 261.2430711955 261.9164417078 262.5576505855 264.001448411 265.5777194168 266.7677983035 6.471271226973323 6.475462813837176 6.478449866656191 7.720437109844281 7.735898789317365 7.757593989695486 7.778978609529505
1382400.0 260.7062531177 261.4945043152 262.0650357417 262.6400109705 263.9833527234 265.4923972089 266.6666337166 6.473258106124483 6.476547705304536 6.4791455858276885 7.721229858786622 7.735679125613041 7.75625379343513 7.776936530331253
1468800.0 261.4525804056 261.9536085215 262.3657936333 262.8208480333 264.00535726 265.4296836658 266.5775229648 6.476364372226063 6.478622577184141 6.480597671708077 7.723005322589641 7.735937615763689 7.755282801178757 7.775176611864788
1555200.0 259.6306142217 261.0806596549 261.9089563369 262.6107976602 263.9562142863 265.3682230857 266.4964052015 6.4692445633469955 6.474780215332455 6.478415186980168 7.720951069099197 7.735352938728064 7.754342523727672 7.773605116867456
1641600.0 257.3527200132 259.6555870217 260.9667039468 262.0290969786 263.7631084102 265.2761587487 266.4126582399 6.462150431360767 6.46933223469703 6.474309481981177 7.715560650854967 7.733103332164351 7.752954521643748 7.772012289550671
1728000.0 256.4557146334 258.7998820338 260.2325580921 261.4487136377 263.4776014206 265.1415734861 266.3163744627 6.459767395540723 6.466460743247322 6.47142850546714 7.710576387887675 7.729898598494125 7.75096833005252 7.7702170048749695
1814400.0 251.5319556222 255.8301455863 258.2372639998 260.1425136589 262.9513208471 264.9273411042 266.1921488687 6.449480571288862 6.458217365291706 6.464709950063231 7.700619707412653 7.724349113900767 7.747907064524776 7.767955551259485
1900800.0 251.6360396215 255.1004330193 257.3068495439 259.2211927931 262.3610492813 264.6413094543 266.0316429527 6.4496601413570005 6.456513311559375 6.462023630033111 7.694423289468811 7.7186048314639 7.7440000214011055 7.765120926051339
1987200.0 253.4750490278 255.7481654779 257.3733127365 258.9278650557 261.8995112735 264.3333593234 265.8421596532 6.453068912542242 6.458020525198882 6.462207538030991 7.692554332333839 7.714420432384242 7.740006304470537 7.76189445555327
2073600.0 255.3077963734 256.7509501724 257.8768651269 259.0458830035 261.6285834374 264.0536698877 265.6412547451 6.456986771824422 6.460529892825983 6.463640041875574 7.693268184178218 7.712073640630367 7.736554907204715 7.758606645546499
2160000.0 256.7381269495 257.6911607355 258.4797131446 259.3513490793 261.5225649468 263.8303398837 265.4471836424 6.460496343242431 6.463103535695666 6.465451967153688 7.695200556402302 7.711170879110197 7.733910445661838 7.755552569817244
2246400.0 258.7842283948 259.0071901032 259.3692860646 259.8933268098 261.5770539224 263.6796830091 265.2754182585 6.466410633519449 6.467132253976932 6.468341562079244 7.698804798682815 7.71161766175973 7.732179199707582 7.752943455636819
2332800.0 259.2191662779 259.5693665818 259.8950248455 260.3169151249 261.702657568 263.5939043979 265.1337898122 6.467834440432439 6.469030574301718 6.470185440317204 7.701784832381672 7.712676597691308 7.731211698479075 7.75085497940499
2419200.0 259.4000675066 259.8558277305 260.2072338584 260.6107848912 261.8381639177 263.5535161681 265.0223014534 6.468446577078882 6.470044180211704 6.471333547206923 7.703941739150643 7.713842219300542 7.730760622995545 7.749249181478445
2505600.0 259.4689850203 260.0104298788 260.3975334839 260.8095975957 261.9574585238 263.539742365 264.9363351747 6.468682990836505 6.470605028188234 6.472054061289218 7.705444896060137 7.714887147000515 7.7306074362902715 7.748033191296517
2592000.0 259.6473166016 260.181943832 260.5671918118 260.9721607427 262.0606899933 263.5405650918 264.870204315 6.469303172842614 6.471238996563984 6.472710236064864 7.706700900314864 7.715805427107116 7.730616577144732 7.747110583255106
2678400.0 260.335284289 260.6232675508 260.8880319186 261.20752546 262.1760218684 263.5545253327 264.8202512695 6.471816597093754 6.472930057961641 6.473988355433935 7.708562800709268 7.716846547366805 7.730771859388382 7.746420912928313
2764800.0 260.986414406 261.1041726234 261.2619843484 261.4910625692 262.3150288746 263.583932511 264.7850509693 6.474390427056522 6.474878178338368 6.475543216308789 7.7108802786743915 7.71812350735162 7.731100063980956 7.745938609297893
2851200.0 261.0471111489 261.2848485217 261.4733289212 261.7000445001 262.4518691404 263.6250233479 264.762928475 6.474640937885915 6.475640672921094 6.476454981421337 7.712644054016671 7.719405282276412 7.7315611908476525 7.745637036136646
2937600.0 259.0504576856 260.2889309831 260.9516968896 261.4841562392 262.478929989 263.6519550943 264.7463304145 6.467274284591335 6.471640898902161 6.474247984662685 7.710829438960926 7.719663351303867 7.7318650325548 7.745411547885731
3024000.0 258.7280219902 259.9104486359 260.6373091941 261.2668300114 262.4327274106 263.6525711366 264.7271253193 6.4662313860535106 6.470241198161832 6.472985334927383 7.7090497710740875 7.719227780981201 7.73187199769749 7.745151468014989
3110400.0 259.3947271421 260.1596910788 260.7105472199 261.2484316495 262.3950893267 263.6371391329 264.7027338447 6.468428332268174 6.471156031045198 6.473275170788483 7.708898569654937 7.718873872649181 7.731697721626973 7.744822422114037
3196800.0 262.2946646524 261.7587868493 261.6655867559 261.7672691609 262.5036746871 263.6431308872 264.681102028 6.4802487913454305 6.4777267212558804 6.477306273896304 7.713220530560068 7.719897931151693 7.731765337437498 7.744531785153566
3283200.0 264.0350447899 263.071376719 262.6486683488 262.4507994481 262.7512027098 263.696569206 264.6741014964 6.489927646582729 6.48425687689172 6.482020180429732 7.719396877153696 7.722295546095627 7.7323711981492576 7.744437965110326
3369600.0 265.1033611758 264.0381520958 263.4790261085 263.1161527788 263.0686015568 263.7900755789 264.6833180189 6.4973727223924955 6.4899473786728885 6.486551816088747 7.726006347326243 7.725500081826505 7.733443696103492 7.7445615075731435
3456000.0 265.5818387989 264.6220525787 264.071786279 263.6687405284 263.4192579097 263.9299968177 264.718677755 6.501208808699832 6.493845047160821 6.490161612896603 7.732012659588264 7.729222052836817 7.735078704108557 7.745037348362818
3542400.0 265.639678713 264.8905585761 264.4301218577 264.0660711571 263.7464468347 264.0977002826 264.779992157 6.501697249019388 6.495774929470428 6.492520646464052 7.736661270418588 7.732880730174993 7.737087700997973 7.745869543150749
3628800.0 259.4677750194 261.8640253407 262.8609650245 263.4196488385 263.8350195153 264.2406214538 264.8527458402 6.468678824562265 6.478207750603664 6.483126226896688 7.729245899455975 7.733904999710512 7.738844054492523 7.746868842946857
3715200.0 257.1349389535 259.7903642836 261.2551012471 262.3414989256 263.5935370873 264.2900708762 264.9107078548 6.461553314701317 6.4698096567807255 6.4755139329740965 7.718409738026987 7.731155504782554 7.739461533030465 7.747674350975303
3801600.0 257.2041954472 259.2742056335 260.5673474808 261.6516524716 263.2322452499 264.2253712298 264.9239367371 6.461741863695133 6.468019407243464 6.472710844256028 7.712268735342011 7.727227403233539 7.738654651962234 7.747859377515808
3888000.0 258.7944895017 259.876419305 260.6941370691 261.4899175653 262.9704750141 264.1209485754 264.9025239281 6.466443471590918 6.470118310440648 6.473210005073829 7.71089244650634 7.724508575926561 7.7373705778162085 7.747560107140229
3974400.0 260.2203865818 260.6890778379 261.1339213626 261.6426813903 262.8524903146 264.02352578 264.861754841 6.47138283093472 6.473189940667646 6.475002535523954 7.712164614342413 7.723313624279356 7.73619235423514 7.746993492271086
4060800.0 261.4935422518 261.5308962206 261.6946619588 261.964303689 262.8634603909 263.960137083 264.8178480374 6.476543487070264 6.4767076544752 6.477436885681605 7.714946622433225 7.723419651358551 7.735435741463929 7.746387888194049
4147200.0 260.9972804665 261.4694561795 261.7729041863 262.0823023974 262.8996002166 263.9257120056 264.7793848444 6.474435135388562 6.476438050672975 6.477790859982271 7.716000352592137 7.723781255389113 7.735028087867553 7.745861255904622
4233600.0 258.6876769542 260.2418510345 261.0721401102 261.7269850653 262.8254056681 263.8860987172 264.7427450071 6.466103371594217 6.471463421684966 6.474744790993695 7.7128869792191415 7.72303844936496 7.7345617901221635 7.745362926363864
4320000.0 260.6376681691 261.0146027445 261.3918534162 261.8112705341 262.7890496353 263.8470974611 264.7066515219 6.47298674930854 6.474506532540178 6.476100562196955 7.713608149114433 7.72267604110387 7.734105587601083 7.7448751770130135
4406400.0 261.2948871841 261.5063369136 261.7278510809 262.0074031182 262.8150761285 263.8224885599 264.6741788089 6.475683551344687 6.476599629114462 6.477586589846966 7.715329192006902 7.7229332026764075 7.733819196622213 7.744439000610824
4492800.0 261.070136743 261.5093076841 261.8011172886 262.0969864002 262.8530939749 263.8114549051 264.6473951883 6.474736466444461 6.476612677941011 6.477919399376847 7.716132130984719 7.723312073715166 7.733691155237389 7.744081107525772
4579200.0 260.2178109713 261.072950911 261.5680551567 261.9955146673 262.8472406736 263.8002657708 264.6241431591 6.471373174074666 6.474748160689782 6.476871755687185 7.715226385678816 7.723253778308647 7.733561539371525 7.743771762509189
4665600.0 259.7401959963 260.7225439162 261.3162013527 261.8315730629 262.7961417844 263.7783146794 264.6002644279 6.4696310992767145 6.4733228924901045 6.475774772848665 7.713786625733193 7.722745043355698 7.733307925780897 7.743455383677965
4752000.0 260.5284385453 261.051318483 261.4520131838 261.8594886602 262.7666418063 263.7528817305 264.5749648291 6.472559181289216 6.474658372803392 6.47636189856009 7.714027255067216 7.722452313170611 7.733015187957041 7.743121610543373
4838400.0 262.6887321307 262.2698011703 262.194351926 262.2716737994 262.852246585 263.7501301612 264.5545306038 6.482226319921551 6.480127649346222 6.479762576728016 7.717722895915768 7.7233021699266695 7.732983587607787 7.742853093320854
4924800.0 263.5523292162 263.0397921414 262.8141925543 262.7218895281 263.0120532189 263.7740552346 264.5420412432 6.486979974159118 6.484084900458581 6.4828796122347745 7.722012133014674 7.724919494726099 7.733258816397628 7.742689443330579
5011200.0 265.0467820774 264.03965736 263.5536735156 263.2581158343 263.2479242595 263.8391479139 264.5464213152 6.496941758856414 6.489956941078121 6.486987872026737 7.727499326966818 7.727379290958524 7.734012949960327 7.742746795830214
5097600.0 266.180790287 264.9659716643 264.3157416833 263.8594439866 263.5561749562 263.9504723348 264.5747100883 6.50655789646657 6.496334007867474 6.491752031184502 7.734208893080362 7.730730388831388 7.735321064571289 7.743118257249046
5184000.0 263.9098166656 264.1352291098 264.0924191751 263.9730360671 263.8065859884 264.0852260295 264.6246495245 6.489140744055046 6.490568981765499 6.49029362658934 7.735540121161872 7.733573955752069 7.736936364159041 7.743778485818472
5270400.0 264.8728025719 264.4778465535 264.2747668226 264.1201150335 263.982312118 264.2142057274 264.6887460275 6.495644409335435 6.492845846022627 6.491480317264439 7.737311040369011 7.735638181140155 7.738516285444445 7.744634360740815
5356800.0 266.2581253038 265.3170048127 264.8382222602 264.5008620882 264.195017102 264.346136934 264.7605378407 6.507299019483701 6.499042020809731 6.495391421723233 7.742106907959369 7.7382170282250575 7.740167868177469 7.745604517942209
5443200.0 264.3169383816 264.5179207118 264.5147265609 264.451723258 264.327885653 264.4659993161 264.8349322589 6.491759995245074 6.493120999630574 6.493098997845615 7.7414652348438535 7.73987462184156 7.741700624545455 7.74662296438866
5529600.0 265.2722495961 264.8969514499 264.7136273662 264.5801940336 264.4484005465 264.574364716 264.9086580231 6.498686701055262 6.495822025267816 6.494492855058163 7.74313948108163 7.741410592981444 7.743113711152352 7.747645720428219
5616000.0 267.3806237196 266.1187426489 265.4958415482 265.066417186 264.6561586304 264.6938991183 264.9853479725 6.519683884250877 6.505972150965825 6.50049286696657 7.749839021003589 7.74413457980517 7.744703588413279 7.748724141968467
5702400.0 267.1378164583 266.3135379801 265.8036956926 265.389617893 264.8825383357 264.8276374523 265.0682913186 6.516712898707991 6.507837781431436 6.503113610624405 7.754628654247625 7.747218305756094 7.746522501171053 7.749907592434642
5788800.0 265.8914416678 265.7718631534 265.5998035155 265.3995045758 265.0373475732 264.9566487021 265.1546553445 6.503891004772033 6.5028350265452355 6.501359913134535 7.754769695512932 7.749399723712277 7.748318812053737 7.751159205768389
5875200.0 262.4798241436 263.8753995806 264.4730814679 264.8129694907 264.9935777365 265.0399114162 265.2320596399 6.481164269872997 6.488927279913181 6.492813255570798 7.746272842134347 7.748775661123458 7.749500637102526 7.752298184021544
5961600.0 262.9196187378 263.66567074 264.1217769752 264.4775445482 264.8813915067 265.0742853291 265.2914370952 6.483437882414928 6.48765176776241 6.490482245581325 7.741805684988519 7.747202233229063 7.7499938159149675 7.753183189700432
6048000.0 265.4416068798 264.894539442 264.7426746143 264.7201404318 264.8790991333 265.0982805103 265.336842525 6.500047538399964 6.495804249754618 6.494700550469964 7.745004574168619 7.7471701615562445 7.750339940832484 7.753866684833259
6134400.0 264.5024710888 264.6493578994 264.7043517402 264.75195164 264.8995527008 265.1234908615 265.3742105606 6.493014693750465 6.494037109218857 6.494426758212327 7.745435383547009 7.747454597140244 7.750705251128128 7.754433639084038
6220800.0 265.9335574288 265.3819049658 265.1439515853 265.0082728823 264.9818573576 265.16229224 265.4101199933 6.504269167443174 6.499562729845767 6.4976847158421664 7.7489967535565 7.748609869396615 7.751270849632178 7.754982294530061
6307200.0 266.5439767172 265.8893981976 265.54602582 265.30581099 265.1154890108 265.2214464079 265.4502894807 6.510150617099162 6.503872740068384 6.500909181444769 7.7533483690847325 7.750523504173606 7.752141035994247 7.755600542726847
6393600.0 266.9722163018 266.276885765 265.8865146977 265.5900438806 265.2772258566 265.3004328756 265.4981257165 6.514787982584326 6.507480691504711 6.503846980251106 7.7577414016456645 7.75290444459975 7.753318137340162 7.756343077237995
6480000.0 267.3849662462 266.643481845 266.2090786669 265.8672890247 265.4544342188 265.3959178455 265.5549014068 6.51973872338068 6.511187143655531 6.506827552770609 7.762270178943165 7.755598485108129 7.754764850090035 7.757233384063519
6566400.0 266.8106366734 266.469650951 266.2106526715 265.9691582895 265.5982649381 265.4956643335 265.618403641 6.512983055867534 6.509391555543592 6.506842605296363 7.76399315101914 7.757853589290682 7.756304702253476 7.758240971302977
6652800.0 269.5506414285 267.9379001621 267.1135792851 266.5205763387 265.8316631584 265.6158908064 265.6912204385 6.558440075615585 6.52727227942026 6.51642622310937 7.774051790703019 7.7616544233275455 7.758200860422735 7.759412016433073
6739200.0 270.7250334561 268.9415488373 267.9260401506 267.1409222348 266.1470250804 265.7692083431 265.7785149136 6.598713713380842 6.544570824222693 6.527098227983098 7.786982470730776 7.767088883421001 7.760685227850961 7.76083850096379
6825600.0 269.1580222678 268.4398712044 267.8661511569 267.3178855033 266.4036758208 265.9347284763 265.8785349488 6.549134671742999 6.5352317056889175 6.526228304343475 7.790988959052213 7.771785310368951 7.7634549509259205 7.762504134504453
6912000.0 268.6671952298 268.1520023968 267.7527462236 267.3528159591 266.5816053378 266.0908772597 265.9845162942 6.539268932355443 6.530520186079058 6.524620906087958 7.791781769013309 7.775197126345353 7.766155874729604 7.764306626675765
6998400.0 265.1396904642 266.2316520729 266.6344911401 266.784958076 266.5623490366 266.199248989 266.0825827744 6.49765185164408 6.50704391871331 6.5110925131348765 7.779269535522123 7.774812597307285 7.768083186365725 7.766010176379372
7084800.0 263.8287298854 265.0810866471 265.7299802066 266.1533408186 266.3953331768 266.2416985832 266.1591689167 6.48863971753935 6.4972025150990405 6.502471224895437 7.767217388856205 7.771614993580888 7.7688503442885635 7.76736521715294
7171200.0 264.588800816 265.1515935451 265.5435975569 265.8695577599 266.2236465134 266.2368051028 266.2102735544 6.493612403310092 6.497743720895644 6.500888942291741 7.762306965809423 7.7684530917751 7.76876155130063 7.768281740208086
7257600.0 265.5336336029 265.5979674603 265.7177593998 265.8631222924 266.1232349164 266.2157580042 266.2413534762 6.500805995990265 6.501344444973136 6.502365654040728 7.7621915267572055 7.7666573729210295 7.768380710945968 7.768844049587313
7344000.0 267.824920337 266.8937551499 266.4903004526 266.265987944 266.1694396993 266.2156447205 266.2651484191 6.525637957301233 6.513902788877742 6.509601164304565 7.769237532267479 7.767478222632033 7.768378665761895 7.7692771090063495
7430400.0 269.3030930089 267.9883943261 267.2954947883 266.8105383777 266.3444719694 266.2585007905 266.2952142437 6.552406546356436 6.528020012726221 6.518621207291014 7.779823301087843 7.770666861060957 7.769155936192478 7.769827490842927
7516800.0 267.4172056388 267.2947725513 267.0902862792 266.8607068312 266.4758058585 266.3227564175 266.3346755339 6.5201478034632565 6.518612290867799 6.516152339073948 7.780846086879156 7.773140607753191 7.770334887462457 7.770555337401946
7603200.0 267.133547869 267.048569039 266.9482010838 266.8244080867 266.5491999908 266.3869030855 266.3796780467 6.516662284345706 6.515665748753372 6.514515259223346 7.780085201073173 7.774553935476757 7.771528409332299 7.771393075886656
7689600.0 268.4982606736 267.7350484268 267.340332015 267.0470924943 266.6525292949 266.4551871697 266.4287232191 6.536240370902188 6.524374627273209 6.51917800302875 7.78482659629712 7.776585155924996 7.772817545783562 7.772315549306799
7776000.0 270.8711591837 269.1691520931 268.2780315209 267.6332542409 266.8709730994 266.5507392255 266.4869431949 6.605808006728723 6.5493793362145984 6.532531431649216 7.798673390999332 7.7810452076307035 7.774654651860858 7.7734236639285585
7862400.0 271.6402821381 269.9606511176 268.9736449012 268.1943110544 267.160556422 266.6820719955 266.5601394954 6.65881224676207 6.569938690552815 6.545225010411651 7.814157130783831 7.787329555054532 7.777245211058781 7.7748374223526415
7948800.0 271.7130193908 270.2775944823 269.3698971306 268.6028436841 267.4551955596 266.8398844838 266.6497454302 6.665933323046534 6.5804677233361195 6.553976205202599 7.827152414166944 7.7942056480831 7.7804634655850515 7.776600237903855
8035200.0 272.2717255829 270.7354931283 269.7891529476 268.9896080897 267.7459555275 267.0145699242 266.7541719792 6.747437955692758 6.5992000240720525 6.564873317816504 7.841187405835331 7.8015313719155 7.7841682828795316 7.778700757308507
8121600.0 271.952091444 270.7531702522 269.950072767 269.229664235 268.0008855532 267.1935519893 266.8693284822 6.69374710682429 6.600029127911183 6.569614505406799 7.850861774121222 7.808451120669898 7.788130455943478 7.781077023039193
8208000.0 269.9667984871 269.7832359638 269.4762741934 269.0843745348 268.1397231459 267.3518953697 266.9865401665 6.570127825607615 6.5647054949544215 6.556563540675478 7.844722743797071 7.812423169439765 7.791786192841604 7.7835631390815925
8294400.0 270.0161306683 269.6190452028 269.3173868575 268.9941944838 268.2140294513 267.4814728123 267.0981490353 6.571665722545211 6.560218237720756 6.552738945445401 7.841141682230398 7.8146107783100005 7.79488997713086 7.7859966156194895
8380800.0 270.2008414754 269.675082126 269.3247738156 268.9920181148 268.2724804809 267.5881734669 267.2008280844 6.577762826434226 6.5617138929491245 6.552911456961071 7.841054352398552 7.8163687234631976 7.797526032391736 7.788295043356888
8467200.0 270.4340075037 269.8129972177 269.412854041 269.0515122601 268.3373597813 267.6814331953 267.2948921032 6.586330837774003 6.565554129678811 6.555007706837537 7.843383668771326 7.818361936131373 7.799892346125019 7.7904529796375215
8553600.0 271.4230614495 270.3836199527 269.7743487321 269.2756027574 268.4455932767 267.7749379897 267.3838768969 6.640293826766107 6.5843878513888825 6.564454257079752 7.852658935028562 7.821786628690452 7.802325854661082 7.792542353746946
8640000.0 271.5009082696 270.5826447739 269.9842224362 269.4654603243 268.5742226546 267.8737671327 267.4712545589 6.646508178647603 6.592392059525264 6.570666896466415 7.861142604258209 7.826012793800252 7.804967262538885 7.794641148757321
8726400.0 270.9298459448 270.3643254267 269.9310154775 269.510282688 268.6785770174 267.971502545 267.5575241212 6.608852479667243 6.583657836989516 6.569034512803349 7.863191032706601 7.829568262548365 7.807652744139012 7.796760944579987
8812800.0 270.2618574747 269.9872224927 269.7263120844 269.4336475966 268.735405781 268.0580482983 267.6403301139 6.579904348133735 6.570760163099946 6.563113266166601 7.859581833134674 7.831549371760939 7.810094412380705 7.79884184490436
8899200.0 270.8320176248 270.2134126404 269.8280699827 269.4830268758 268.7907851088 268.1354223356 267.7185230091 6.603842076693815 6.578198579484488 6.565988271177694 7.861869692145127 7.8335208381826895 7.812330115231177 7.800849930899489
8985600.0 269.8526704182 269.7440110445 269.5815121618 269.3730797584 268.8099989635 268.1995113835 267.7904692996 6.566703224261699 6.5636040475176465 6.559236229381074 7.85682150630784 7.834206782098832 7.814221122147797 7.802735915455665
9072000.0 268.298357362 268.807142623 268.9887900165 269.0305719896 268.7465565193 268.237309316 267.8519062751 6.532863126173648 6.541910611642357 6.545536326513344 7.842493599719309 7.831918666982788 7.815353525268386 7.804376438863278
9158400.0 264.8530275379 266.7062220205 267.6184775977 268.1899154678 268.5053357861 268.2198540462 267.8928895082 6.49549954226542 6.511853017907127 6.522782121157 7.813924854351824 7.823686691867464 7.814828973215745 7.805486597663758
9244800.0 266.4429971831 267.0200996257 267.4734628286 267.8618697498 268.2659100737 268.1607545892 267.9099567781 6.509122433053679 6.515336539705748 6.520869977914633 7.8046121014392025 7.816135859500214 7.813073252839456 7.805952718173362
9331200.0 270.645438341 269.2478026918 268.6798965105 268.3908325127 268.24692904 268.1177717047 267.9151899936 6.595113412670535 6.551138035934814 6.539503552153415 7.820031800934094 7.81556020292186 7.811815611637034 7.806096093500959
9417600.0 269.5260925006 269.1288352726 268.8332869787 268.5919358753 268.2984904783 268.1051537773 267.9204579486 6.55781423830296 6.548497894300285 6.542418315468441 7.826594935803744 7.817132396832844 7.811449448324723 7.8062406358332455
9504000.0 269.2843472583 269.0312918199 268.836483303 268.6547956202 268.3482867272 268.1128409686 267.9306108644 6.551973418314028 6.546419131084616 6.542480702315669 7.828728370546643 7.818674077889687 7.811672362964837 7.806519823078166
9590400.0 269.6914912233 269.2517731222 268.9836487911 268.7614506325 268.4047888411 268.1338744989 267.9466590334 6.562158728826009 6.551228227703378 6.545430455435196 7.8324663249008815 7.820452194692822 7.812284889305482 7.806962769002264
9676800.0 268.8855620084 268.8793294227 268.8075653149 268.7028609517 268.4281357295 268.1566517405 267.9664201753 6.543447429873864 6.543323739971869 6.5419187835048165 7.830386914150805 7.8211946911351955 7.812952513184169 7.8075109933388935
9763200.0 267.6188200009 268.1141171821 268.3314416403 268.4353615362 268.3779733249 268.1648225238 267.984556553 6.522786724910241 6.5299304113556715 6.533407508371448 7.821436590226889 7.819601141805664 7.813193110755731 7.808016882350283
9849600.0 267.3695631605 267.7911827869 268.0353277483 268.2006553424 268.2867261422 268.1531081331 267.9963474081 6.519544486694564 6.52515998069461 6.528724930933284 7.814191746041509 7.816769742938205 7.812848349579676 7.80834718963897
9936000.0 267.2179604043 267.5975914171 267.8359713369 268.0168373699 268.1836779472 268.12487111 267.9997100027 6.517673326520137 6.522502104384459 6.5257955119251445 7.808863642033051 7.813667385395819 7.812022231562007 7.808441594702205
10022400.0 266.8400788766 267.3116254485 267.6006839717 267.8230438413 268.0712076692 268.0835164525 267.9942650413 6.513306761849245 6.518820780830852 6.522543465813478 7.80354638290649 7.810389508775368 7.810824705101424 7.808288772926111
10108800.0 266.5738655956 267.070150768 267.3849528325 267.6360185842 267.9529250866 268.0318102023 267.9804427373 6.510459487688396 6.515916852342715 6.519738553892306 7.798679996292527 7.807057028010129 7.809347695451361 7.807901901999384
10195200.0 267.2035931084 267.3309173302 267.4680708674 267.6130164637 267.8700742101 267.9797284833 267.9608873697 6.5174997231044065 6.519060555909258 6.52080029637469 7.798090977415491 7.804788436302153 7.807882203462444 7.807357186623445
10281600.0 271.6195268732 269.7580246654 268.8407582346 268.2891218239 267.9408802401 267.9491165921 267.941690166 6.656873973225861 6.563995359270409 6.542564250281437 7.816912787398412 7.806722042812696 7.807031029538324 7.806825406458215
10368000.0 273.0800114061 271.1749816983 270.0133624922 269.14776826 268.225255468 267.9847427395 267.9370210664 7.676315012384784 6.6230044060166815 6.571578466588614 7.847479021177045 7.8149205845052085 7.808022340438016 7.8066965082084785
10454400.0 271.7909682063 271.0079075491 270.2867325171 269.6029910334 268.5562159581 268.0884800433 267.9605979295 6.674190678461313 6.613094385010569 6.580796989289922 7.86783556103844 7.825404239888632 7.810967670090537 7.807349147170696
10540800.0 270.488678924 270.259082206 269.9503041897 269.5776685902 268.7625616846 268.2147402713 268.011185005 6.588501135802704 6.579805472786898 6.569621580397555 7.866399248274729 7.832513544694289 7.814675820341364 7.808764446846213
10627200.0 273.1766924217 271.5861710867 270.6429356515 269.9267957781 268.938700841 268.3365064402 268.0750075561 9.39385164975079 6.653840198846622 6.595002998002391 7.884873400473066 7.8389936149404935 7.818387977304279 7.810579855958685
10713600.0 273.2275571305 271.92254943 271.0589471847 270.3208180185 269.1743027222 268.465923507 268.1488175717 16.2220991590618 6.6898749727215385 6.61599544521821 7.90956624689023 7.848337083812876 7.822489457498383 7.81272212125753
10800000.0 273.2345319327 272.1627021815 271.3263336496 270.6014127228 269.4077587249 268.6093923791 268.233800544 20.613640294698516 6.726211821696823 6.633133769952854 7.930472681751395 7.858442099259151 7.827237669231323 7.815247603183776
10886400.0 273.2358205907 272.3890010108 271.568237226 270.8454019971 269.6223931845 268.7582243562 268.3290989869 21.88423707964636 6.775188128458425 6.652248895784917 7.951696888946621 7.868595620529773 7.832404821812858 7.8181579229457885
10972800.0 273.8717894365 272.8439575098 271.9287207422 271.1406827325 269.8402617323 268.9100399733 268.4305769348 22.980014729063477 7.006679129491365 6.69067223594081 7.982651325082608 7.879897761338749 7.837950656681491 7.821352425385067
11059200.0 273.7710627547 272.9119615588 272.0938171283 271.346929371 270.0417438585 269.0615360093 268.5364731589 22.652316174381117 7.091394664151105 6.714529838726651 8.008444339084411 7.891380011519591 7.843786895143329 7.824796674326875
11145600.0 274.4919541941 273.0880439981 272.2727397502 271.5349768186 270.2272881739 269.2099656899 268.6449530605 22.194919516251296 7.740910304687137 6.7476537984529985 8.036281388612535 7.90297964329919 7.8498251875091505 7.828448907382475
11232000.0 276.5975841942 273.1964628877 272.4068396229 271.6951767344 270.3995071944 269.354718412 268.7543769607 21.77773852062603 10.50875843111618 6.7799755632760546 8.064110616623712 7.914772100268041 7.856048456027504 7.832267713041401
11318400.0 276.0124382021 273.2183401715 272.477418692 271.8099775262 270.5508010848 269.4927544341 268.863675686 21.50761716333654 13.362642753927375 6.800749583096062 8.086858363695184 7.9260703123929295 7.862320438127393 7.836225780454852
11404800.0 273.5258907489 273.2167846066 272.5245884999 271.8949935967 270.6797016962 269.6213473004 268.970904616 21.386892012094396 13.035879800525448 6.816553351318613 8.105588590716541 7.936489432073162 7.868488122978011 7.840257340879048
11491200.0 273.2323262238 273.2078287448 272.5606945965 271.9629998215 270.7908310594 269.7401792404 269.0747501472 18.857518806349454 11.622485322802389 6.829911763136961 8.121957444844776 7.946137976953585 7.874491984296887 7.844310899441427
11577600.0 273.2186702444 273.1933919468 272.5881054873 272.0194835859 270.8889584487 269.8506005619 269.1749593965 13.436136258223874 10.28452118266559 6.840901782533123 8.13661605563491 7.955233506536781 7.880356264197051 7.8483706784242875
11664000.0 273.1941522402 273.1666091355 272.6035826156 272.0637424658 270.9743329817 269.9518165744 269.2704708221 10.337741728370037 9.02873325966977 6.847469253586489 8.148803506494989 7.963633652672562 7.885993624664327 7.852384187572537
11750400.0 273.2191287625 273.1122479839 272.598371397 272.0919167473 271.0470690192 270.0437661195 269.3606143897 13.540827163199342 7.98109814522397 6.845227114623386 8.156746098932752 7.971179560030372 7.891349522861297 7.856309104178371
11836800.0 273.2321704143 273.0001612159 272.5551208565 272.0956509839 271.1067526421 270.1272894139 269.4456333648 18.749531717840505 7.278234183590063 6.827770495928156 8.157273421005867 7.977654196658879 7.896422796102931 7.86014010683414
11923200.0 273.3102644656 272.9248670187 272.5073355845 272.0825863655 271.1519847029 270.2019154203 269.5252576383 21.84694809801174 7.11167257723299 6.810571420354319 8.15284837531837 7.982733661334078 7.901134986073098 7.863848352064492
12009600.0 274.5980315626 273.1281944929 272.6083647745 272.1343919535 271.1979434884 270.2690589336 269.5992361685 21.713826901914114 8.191502430150026 6.849555196445978 8.16928820751306 7.988098991861291 7.905528659949057 7.867403739431821
12096000.0 273.4890885042 273.1370579206 272.6479824007 272.1812345795 271.2486735479 270.3324990437 269.6687652738 23.021028568154428 8.334137924602855 6.867966906106008 8.18490504484967 7.9942600044063195 7.909822017316981 7.8708470468473015
12182400.0 273.2359949642 273.0967967939 272.651370763 272.2085811725 271.2974319433 270.3933118087 269.7347663116 22.07344168549305 7.819008796567414 6.869642699062048 8.194254315150303 8.00041124026561 7.914074514070113 7.874211468877919
12268800.0 273.2280692688 272.9985650146 272.6149338396 272.2112019357 271.3386626435 270.4507529429 269.7976483436 16.45086099658912 7.273455538597246 6.852466039857122 8.194650155405542 8.005788846173632 7.918221173938805 7.877507962543461
12355200.0 273.2219300587 272.8961365631 272.5554361015 272.1899738933 271.367047051 270.5023104845 269.856600577 14.254373191927948 7.068672040870115 6.827890799899742 8.18657290860289 8.009574069593256 7.922056275452915 7.8806829400353715
12441600.0 273.2058656718 272.8280552538 272.5069442253 272.1659027988 271.3868070481 270.5482072278 269.9118466639 11.38919443133875 6.990853623516287 6.810438527324713 8.178018011911577 8.012246702409474 7.925564798484521 7.883735885000798
12528000.0 272.4188551916 272.4306305912 272.2818264247 272.053756848 271.3827361326 270.5854965363 269.9625028008 6.783298529784364 6.786635524131142 6.74960453790348 8.1427588236114 8.01160467405755 7.928483712015086 7.8866039555901795
12614400.0 270.5799093411 271.3088961301 271.5900176028 271.673437588 271.3042050355 270.6025735619 270.0052785724 6.5922757835461585 6.631903399533827 6.6541850764000685 8.056799404599593 8.000949717908771 7.929841588816168 7.889079084298234
12700800.0 271.499171511 271.4838531831 271.5085780321 271.5031718248 271.2105833849 270.6005100433 270.038092199 6.646364759969877 6.64510952548961 6.647144255114292 8.028624410822903 7.989208922884083 7.929676791418399 7.891011917676889
12787200.0 273.1766539695 272.3631568574 271.9561281172 271.6623411092 271.1835434968 270.5966662246 270.0636401303 9.392268652855991 6.76854317424976 6.694287334628799 8.05523601693326 7.986012316382565 7.929370342577418 7.892537856929783
12873600.0 273.2285377538 272.6033421797 272.1858116348 271.8156565834 271.1961705098 270.5971470396 270.086123465 16.66957929147396 6.847365100484731 6.730408631806004 8.085343686180638 7.987548353952797 7.929408638105275 7.893896352966578
12960000.0 273.2360915304 272.7639114257 272.3205980887 271.9262280877 271.2414748785 270.6111738762 270.1077682054 22.180178311188996 6.937278720790348 6.758285241688305 8.110402734349279 7.993068474143345 7.9305305704271625 7.895218238526288
13046400.0 273.2389046293 273.0559077607 272.5274998521 272.0677872103 271.3048850201 270.639279815 270.1330392712 26.055470150794893 7.514574642918194 6.817587224254691 8.14835001237434 8.001118344162311 7.932806556934506 7.896779374324058
13132800.0 273.8185058626 273.1979561358 272.6788005347 272.199642833 271.3806504639 270.6778224287 270.1628692332 29.203724639812286 10.627349072758301 6.883867484977969 8.191161369715628 8.011293327847156 7.935989938736192 7.898647316282083
13219200.0 273.8224746269 273.2203970484 272.7512813007 272.2901442502 271.456135048 270.7238452751 270.1973034477 28.787868655146475 13.847229786971853 6.928284085769148 8.22583439452296 8.022085988523996 7.939889059759378 7.900838320748489
13305600.0 274.7747120293 273.2284758279 272.8017323531 272.3548939668 271.5231761553 270.7736735844 270.2361175408 27.380177323887626 16.640128502127034 6.967080576524536 8.254161130594605 8.032276013843648 7.944236348021431 7.903353955513181
13392000.0 275.4029952561 273.2335614448 272.8984995783 272.4332889743 271.5881166599 270.8245973326 270.2772140448 26.77878032807248 19.784383216475355 7.071928290269258 8.294462751416516 8.042767533449933 7.9488213315174425 7.906072332686
13478400.0 276.7525165842 273.2372728947 273.0809962673 272.5460139909 271.6566692046 270.8764920161 270.3196695966 26.193264611444512 23.610763972450393 7.683904656309533 8.36879350110632 8.054596260455968 7.953649709692328 7.908941924655435
13564800.0 275.2420708248 273.2389122806 273.1816143497 272.6483423232 271.730664258 270.9306707339 270.3638460664 28.692422130261253 26.068502531751502 9.611170137514907 8.458960400699029 8.068328437432324 7.958868376921598 7.911996492700437
13651200.0 276.1807465279 273.2397956431 273.2158768411 272.715791324 271.8009506897 270.9865035722 270.4097030242 27.681385820422875 27.69238475720471 12.858916884193825 8.535604415308532 8.082387625891025 7.964448083191553 7.915244279374566
13737600.0 275.7512685637 273.2412785892 273.2200350897 272.7585061727 271.8627957377 271.0418659615 270.4565688156 27.680522203311128 31.065647010158436 13.757145822684496 8.593261123113804 8.095673573138662 7.97019598291243 7.918647981097934
13824000.0 276.4028739414 273.2429417603 273.2150689136 272.7854506362 271.9154101775 271.0950518967 270.5036361264 26.731803268422215 36.19700391813536 12.709114213319687 8.633386705883177 8.107728144954855 7.975933024099756 7.922155996613222
13910400.0 275.5355298309 273.2439008024 273.2088230067 272.804141566 271.9599630658 271.1450752497 270.5501167983 26.28486115734248 40.04087991892645 11.749092150993796 8.663180314088347 8.118534020504068 7.981533808844419 7.925712412977513
13996800.0 275.8299150415 273.2447338694 273.2007613361 272.8174197363 271.9979690983 271.1915914865 270.5954058788 26.89408065206217 44.012064057067235 10.869535554216712 8.685029147409553 8.12822703087751 7.986931345093294 7.929269657469938
14083200.0 276.9075151804 273.245612442 273.19007885 272.8264094899 272.0306447558 271.2346256519 270.6391135001 26.441531202642395 48.81544045055047 10.068331138947078 8.699435071978652 8.136938574275478 7.992097142606354 7.93279262183882
14169600.0 277.224746644 273.2464428311 273.1753885382 272.831678807 272.0593078512 271.2747484035 270.6812694941 25.752433091642907 53.68167986556513 9.341055027112708 8.706428964689055 8.14488841298955 7.997071129005547 7.936277875723892
14256000.0 275.6846832824 273.2470556632 273.1552493064 272.8323958389 272.0838433052 271.3117176138 270.7215354946 25.166889199374832 57.12637086716915 8.71043993719412 8.7037493551806 8.151932054935918 8.001796108034842 7.939690398743364
14342400.0 276.2056158695 273.2476658795 273.1289226134 272.8276358392 272.1041350989 271.3454582927 270.7596913503 24.668621201900248 60.042173183921626 8.20241028101986 8.68980104983072 8.157924946420344 8.006233282157867 7.943002527221991
14428800.0 279.8914213115 274.8774127537 273.1990385978 272.8467324772 272.1238516867 271.3762939305 270.795526158 24.21385598684802 60.56924817110468 10.717629420416678 8.734469251706983 8.163941356773618 8.010397521858682 7.946185463752738
14515200.0 281.2954900331 275.8537550768 273.2246483623 272.8647173523 272.1444742934 271.4056538815 270.8297462232 24.164215016142823 59.79661120529234 15.096653263232614 8.778990810883037 8.170441531994086 8.0144636088 7.94929284741242
14601600.0 279.3759024782 275.5755356659 273.2324185414 272.8778687809 272.1650043766 271.4339020914 270.8625903304 25.482960009113434 59.87507480834654 18.922382850218987 8.812674540415411 8.177116046165414 8.01847280865338 7.952339963016137
14688000.0 279.1749300248 275.5013938121 273.2363563732 272.8876278237 272.1846599135 271.461124484 270.8942277197 29.384907793968715 63.37106381647977 22.480332063025568 8.838239914159724 8.183699480610324 8.02243023061013 7.955337189471282
14774400.0 277.7794440439 275.1710045795 273.2385419866 272.8954388373 272.2033109903 271.487476513 270.9249357578 36.91440556546519 63.739000000000004 25.456203755964065 8.859153019825666 8.19012916170534 8.026352394955149 7.958306673847977
14860800.0 278.0677318873 275.1786302245 273.2400365974 272.9016836521 272.2206792098 271.5127564269 270.9545807326 37.16404357104865 63.739000000000004 28.1802497980268 8.876102689130233 8.196283187836496 8.030202726369886 7.9612316618687196
14947200.0 277.1616985093 274.949456309 273.2410315128 272.9068216608 272.2366390282 271.5367664762 270.9830325251 41.98905436315912 63.739000000000004 30.436927812357315 8.890258369349201 8.202086325378419 8.033942284192078 7.964094607729499
15033600.0 276.8375913451 274.8193600668 273.2417715816 272.9113462791 272.2515279252 271.5597100486 271.0104953439 47.00381831614069 63.739000000000004 32.4136479771481 8.902988882758699 8.207634830597948 8.037593791165412 7.966911477543722
15120000.0 276.6055180521 274.7270111085 273.2423558471 272.9154279555 272.2654768931 271.5816358122 271.0369990407 47.67993981026824 63.739000000000004 34.19112215561681 8.914728080395662 8.212956446511546 8.041157095678606 7.96968134833842
15206400.0 275.5405377202 274.3785701963 273.2427397208 272.9192771111 272.2787233155 271.6027596479 271.06273086 54.7401332923031 63.739000000000004 35.4781621756078 8.926141877214452 8.218125496759452 8.044660730576593 7.972420355112087
15292800.0 276.2491103931 274.5038626132 273.2430950768 272.9228964218 272.2912359459 271.6229754811 271.0875654988 52.85523390926468 63.739000000000004 36.76255814381881 8.937166090020844 8.22311561236553 8.048080917055927 7.975111829273231
15379200.0 276.6182423202 274.6850072903 273.2435003335 272.9262453007 272.30310111 271.6423484357 271.1115444305 47.59890497548874 63.739000000000004 38.345159274969774 8.947517386017916 8.227947547710013 8.051422179619836 7.977756624309925
15465600.0 277.6902938591 275.0923095822 273.2440248306 272.9291988065 272.3142873853 271.6608196124 271.1345806793 42.97865781553941 63.739000000000004 40.593736968513916 8.95659087763839 8.232595005220974 8.054667817587259 7.980341317063479
15552000.0 278.7134812521 275.5498936037 273.2446310756 272.9317655859 272.3249183304 271.6785718603 271.1568571836 39.54670385457547 63.739000000000004 43.48937845849027 8.964318910699916 8.237096999071806 8.057843957167723 7.982882828772362
15638400.0 277.7502511757 275.3550330996 273.2451122015 272.934115932 272.3350342792 271.6956473169 271.178410715 38.21540806632915 63.739000000000004 46.01123584750508 8.971448738423417 8.241460556371578 8.060953153558172 7.98538232579668
15724800.0 277.0256168515 275.0841096476 273.2454829775 272.9363771616 272.3446886266 271.7120873615 271.199276265 42.22830600951534 63.739000000000004 48.07468853924036 8.97850586124255 8.245699969573735 8.063998293251055 7.98784099416589
15811200.0 277.5630859268 275.220305312 273.2458673843 272.9385476238 272.3539301716 271.7279327389 271.2194876474 43.53437996716251 63.739000000000004 50.296912639568696 8.985410161905573 8.24982896230322 8.066982606767217 7.990260097764276
15897600.0 279.6347418473 275.9864156958 273.2464226251 272.9405453941 272.3627899281 271.7432209912 271.2390772711 39.65070447890961 63.739000000000004 53.56358358214738 8.991720096043682 8.253854266070887 8.069909163458146 7.992640941527287
15984000.0 282.612042881 277.2390198682 273.2473226727 272.9423882128 272.3712912177 271.7579819296 271.258073995 35.85322501966915 63.739000000000004 58.4869349572965 8.997513689266588 8.257779914781494 8.072779934458039 7.994984593400947
16070400.0 283.1961800405 277.8819066918 273.4009666188 272.9514923307 272.3796259863 271.7723790351 271.2766593079 33.57300943663907 63.739000000000004 63.739000000000004 9.047220777241217 8.261693239406931 8.075623820812009 7.997311550288953
16156800.0 281.5531682381 278.0875486396 274.682705523 273.0476272643 272.3942852457 271.7868025826 271.2947565012 43.83039724933916 63.739000000000004 63.739000000000004 10.433079200930766 8.268891282180224 8.078517524650588 7.999610568174136
16243200.0 281.5112838129 278.0389423823 274.8098935116 273.0866556903 272.4168397362 271.8029622757 271.3127703684 45.21648337844195 63.739000000000004 63.739000000000004 12.129214579379651 8.280404274743846 8.081814019860238 8.00193230838451
16329600.0 281.0129251146 277.8863270276 274.828555221 273.1056478429 272.4395301627 271.8211169055 271.3312863245 45.75483652744539 63.739000000000004 63.739000000000004 13.831347913393206 8.292475046411104 8.085588223187322 8.004354253542264
16416000.0 280.0930503709 277.5407993425 274.7718512381 273.1174406823 272.4606428929 271.8398864145 271.3501056248 60.32515431185024 63.739000000000004 63.739000000000004 15.438796283672982 8.304207474049939 8.089571597812128 8.00685368299138
16502400.0 278.8139351312 276.9846084651 274.6349707336 273.1251646021 272.4794797201 271.8589491626 271.3692639585 63.739000000000004 63.739000000000004 63.739000000000004 16.873100518932333 8.315105496968542 8.09370487948888 8.00943831517354
16588800.0 277.1477347381 276.0712900561 274.3510543453 273.130370611 272.4959109215 271.877720674 271.3885913318 63.739000000000004 63.739000000000004 63.739000000000004 17.96372554476367 8.324966506764335 8.09786452228653 8.01208792757942
16675200.0 277.9072036287 275.9835510125 274.249072526 273.1342308097 272.5104207731 271.8958625633 271.4078375301 63.739000000000004 63.739000000000004 63.739000000000004 18.807475021366095 8.333970462352383 8.10197215389244 8.014769657630229
16761600.0 277.1596428387 275.8405103418 274.2344113048 273.1374153059 272.5234215051 271.9132734024 271.4268422179 62.286595602117444 63.739000000000004 63.739000000000004 19.63639209027705 8.34228930929092 8.10599808200437 8.017461250668504
16848000.0 277.0221578859 275.6248817468 274.1550556619 273.1400057019 272.5350243498 271.9297951549 271.4454262332 59.59906021233123 63.739000000000004 63.739000000000004 20.355821782575628 8.349924669495426 8.109897013078127 8.02013623098701
16934400.0 277.8994906558 275.9036647801 274.22599354 273.1422779769 272.5455926235 271.9455223867 271.4635421413 54.06558149748322 63.739000000000004 63.739000000000004 21.099827880016356 8.357062207430168 8.113681962848972 8.02278584119939
17020800.0 279.1998573014 276.5477824737 274.45590123 273.1444200284 272.5551818287 271.9603789454 271.4810603484 48.52869053875804 63.739000000000004 63.739000000000004 22.10639766286923 8.363695834943698 8.117325387264389 8.025388534128991
17107200.0 277.7895955297 276.2826876311 274.4532383453 273.1463736983 272.5642062189 271.9746979468 271.4981786024 54.12570026417899 63.739000000000004 63.739000000000004 23.120410341515246 8.37008272974232 8.12090148686884 8.027971289463792
17193600.0 277.2637417315 275.8864019702 274.3177628289 273.1480800182 272.5726128404 271.988379236 271.5147908065 53.40806390944192 63.739000000000004 63.739000000000004 23.981605068468653 8.376162548912061 8.124379272958123 8.030515973580192
17280000.0 279.6971907361 276.6435671578 274.5078488449 273.1497199092 272.5804933579 272.0014735926 271.5309059034 46.89802745830601 63.739000000000004 63.739000000000004 24.912897363903788 8.381980468005077 8.127765294467869 8.033021456594648
17366400.0 281.0723565172 277.5784891793 274.8852111511 273.1515066069 272.5879222016 272.0140296799 271.5465394052 42.13393586573632 63.739000000000004 63.739000000000004 26.203993450032105 8.387573981695535 8.131066393844248 8.03548770086169
17452800.0 278.1779484843 276.8870771394 274.8040565528 273.1534383283 272.5949792014 272.0261149684 271.5617329894 51.795722287087806 63.739000000000004 63.739000000000004 27.55673354908326 8.39298930770798 8.134295285110403 8.037918996382045
17539200.0 278.9250130135 276.6426813318 274.6326424383 273.155852625 272.6017218202 272.0377594746 271.5764973734 54.40037070680055 63.739000000000004 63.739000000000004 28.676612931387467 8.39826014014542 8.137455549314296 8.040314922465447
17625600.0 278.0818721535 276.5145191221 274.7846354811 273.3872221921 272.6112553458 272.0491756918 271.5908234531 55.52159699500517 63.739000000000004 63.739000000000004 29.289350509471745 8.406054271504905 8.14060190891023 8.042671845006236
17712000.0 278.5731332501 276.6645223901 274.9198725702 273.4696299856 272.6261561365 272.061431768 271.6049799621 52.790890685904316 63.739000000000004 63.739000000000004 29.9105140287838 8.418772050894814 8.144034111384155 8.045032668413105
17798400.0 278.2081611668 276.5800800788 274.9411178149 273.501195872 272.6420566952 272.0745444774 271.6192260147 54.0365101000778 63.739000000000004 63.739000000000004 30.55293436449654 8.432921603373499 8.147770310524473 8.047441070390176
17884800.0 278.2943818059 276.5905147882 274.9602467001 273.5202721426 272.6573321366 272.0882378455 271.6336334389 50.7014264960826 63.739000000000004 63.739000000000004 31.20360759938362 8.447110181950327 8.151744840686733 8.04991083752451
17971200.0 279.2735301893 276.9986046101 275.1261956864 273.5594869216 272.6714183499 272.1021646301 271.6481763291 45.83699442068194 63.739000000000004 63.739000000000004 31.92710208129316 8.460753744963966 8.155865948932338 8.052439413657103
18057600.0 279.4270823673 277.2060145634 275.25762187 273.5948875281 272.6842028505 272.1160348418 271.6627758262 44.55787926495853 63.739000000000004 63.739000000000004 32.718167788251314 8.473637631810071 8.160051944240436 8.055014664560813
18144000.0 281.7558481747 278.2407307819 275.6928926808 273.6809787299 272.6957773595 272.1296483619 271.6773379299 40.06306639867057 63.739000000000004 63.739000000000004 33.761713667087 8.48574473866532 8.164242338166009 8.057620983192464
18230400.0 284.0846724118 279.5360223553 276.3029579376 273.8043179966 272.7064376968 272.1429669802 271.6918064191 36.199578008038515 63.739000000000004 63.739000000000004 35.12123439428208 8.497295661659258 8.168423069285065 8.060248720940756
18316800.0 285.3647699621 280.5746610871 276.9059495304 273.939633658 272.7160812383 272.1558489083 271.7061026185 33.270877568450814 63.739000000000004 63.739000000000004 36.8515332769178 8.508089991508044 8.172545566377128 8.062883468351135
18403200.0 285.0499720346 280.8562846735 277.2152854887 274.0292929424 272.7247751138 272.1682190638 271.7201476896 31.236466600550617 63.739000000000004 63.739000000000004 38.82811856580426 8.518114948599985 8.17657962203778 8.065509924397764
18489600.0 283.577987918 280.3345505555 277.1069398341 274.0363317938 272.7325477124 272.1800017964 271.7338520582 29.94026098590806 63.739000000000004 63.739000000000004 40.78341265784753 8.527320809968213 8.18049291120644 8.068109853853722
18576000.0 282.4434398934 279.7302123792 276.8607141674 274.0053423259 272.7396277879 272.1912787267 271.7472285125 35.01991345534821 63.739000000000004 63.739000000000004 42.595450359093455 8.535917709366425 8.184304879758633 8.070683851946477
18662400.0 282.2843860193 279.4451229844 276.6913449095 273.9794028287 272.7461193848 272.2020662735 271.7602612731 33.84399845701357 63.739000000000004 63.739000000000004 44.29270149506952 8.543985989038877 8.188014241264169 8.07322700619744
18748800.0 283.6947500578 279.9061439207 276.8270608283 274.0077954052 272.7521277652 272.2123905551 271.772943768 32.2926188950446 63.739000000000004 63.739000000000004 46.0296027738153 8.551621425236624 8.191623474166718 8.075736036852271
18835200.0 284.5829585461 280.4203669957 277.070824432 274.0637597784 272.757798074 272.2222895035 271.7852780578 30.629306984277207 63.739000000000004 63.739000000000004 47.88046897734385 8.558989922468983 8.195139858910206 8.078209308483332
18921600.0 285.1001878949 280.904316896 277.5168777804 274.6702996546 272.7744829312 272.2329764345 271.7974919782 29.927783854170706 63.739000000000004 63.739000000000004 48.103076529 8.583137015075424 8.198999234521084 8.080691365895996
19008000.0 285.8787657309 281.4804438612 277.9907134174 275.0488673949 272.7937302819 272.2449339031 271.8098625523 29.151285747843602 63.739000000000004 63.739000000000004 48.103076529 8.613007073755067 8.203397378202258 8.083239411667039
19094400.0 285.7222629606 281.685181409 278.2734418651 275.2545774598 272.8111211506 272.2578251693 271.8225264468 28.4776439637458 63.739000000000004 63.739000000000004 48.103076529 8.641966899684197 8.20823666627516 8.085884303568898
19180800.0 281.4497028651 280.2471811681 277.8903943066 275.2289727704 272.8261803484 272.2710694949 271.8354055074 35.4778333708439 63.739000000000004 63.739000000000004 48.103076529 8.668763865347847 8.213317816102146 8.08861283507509
19267200.0 279.633598307 278.7700693557 277.1182681055 274.9857231059 272.8389279811 272.2843749673 271.8484797979 56.01764087288252 63.739000000000004 63.739000000000004 48.103076529 8.692816241337045 8.218538189778434 8.091423629966208
19353600.0 280.0327810611 278.3836500769 276.6537695143 274.7631499655 272.8494418834 272.2973466501 271.8616660909 63.739000000000004 63.739000000000004 63.739000000000004 48.103076529 8.713678656029044 8.223743574824693 8.09430130198739
19440000.0 280.4124664896 278.4436991995 276.5411532935 274.6819469893 272.8583252461 272.3097311257 271.8747677686 63.739000000000004 63.739000000000004 63.739000000000004 48.103076529 8.73211035813301 8.228824218496676 8.097204157773
19526400.0 279.8808933212 278.2609865299 276.45146497 274.6471988964 272.8660168097 272.3214767739 271.8876658513 63.739000000000004 63.739000000000004 63.739000000000004 48.103076529 8.748718465693349 8.23374657787935 8.10010542654672
19612800.0 280.9118553983 278.5616772281 276.5159371102 274.6598152611 272.8727430041 272.3325613005 271.9002696882 63.671100646469945 63.739000000000004 63.739000000000004 48.103076529 8.763768249099984 8.238487840752493 8.10298334232543
19699200.0 282.7022345963 279.4481577249 276.89564331 274.7906157 272.8787197007 272.3430374702 271.9125406597 59.49977306640202 63.739000000000004 63.739000000000004 48.103076529 8.777578869480516 8.243057460323081 8.105826955785838
19785600.0 282.9180064383 279.8953791039 277.2308710279 274.9497378372 272.8840015791 272.3528581217 271.9243906349 57.570756970991674 63.739000000000004 63.739000000000004 48.103076529 8.790139733536947 8.247421852264145 8.108613028062294
19872000.0 280.827848341 279.1886745174 277.0693433643 274.9483371641 272.8887996651 272.3621707617 271.9358762694 63.739000000000004 63.739000000000004 63.739000000000004 48.103076529 8.801859805703353 8.251634859768282 8.11135187377724
19958400.0 280.5068214983 278.8175220302 276.8758323126 274.8917078929 272.8932023525 272.3710189953 271.9470019175 63.739000000000004 63.739000000000004 63.739000000000004 48.103076529 8.812890537058662 8.25570684066893 8.114041805556527
20044800.0 281.8366393795 279.1753489775 276.9248377897 274.8897179239 272.8973357091 272.3795251669 271.9578500567 61.63706324377868 63.739000000000004 63.739000000000004 48.103076529 8.823505246238785 8.259686667860203 8.116700444952077
20131200.0 281.526966173 279.2887690643 277.0318423586 274.9392790697 272.901206054 272.3876342394 271.9683545507 63.739000000000004 63.739000000000004 63.739000000000004 48.103076529 8.833692098992179 8.263541912648247 8.119309318429515
20217600.0 281.7568280411 279.384559246 277.0972304241 274.977207381 272.9049213127 272.3953746044 271.9785144813 63.739000000000004 63.739000000000004 63.739000000000004 48.103076529 8.84374263321627 8.267279085332301 8.121865583467416
20304000.0 281.9524843238 279.551203833 277.2649993836 275.2513368546 272.9217996462 272.4035447716 271.9884650821 63.739000000000004 63.739000000000004 63.739000000000004 48.103076529 8.90099860935205 8.271286015023518 8.124401286869308
20390400.0 280.0295690304 278.944373924 277.1968392244 275.3803118168 272.941023235 272.412772967 271.9984155398 63.739000000000004 63.739000000000004 63.739000000000004 48.103076529 8.97524587884631 8.275890878433929 8.126969410566254
20476800.0 279.264044995 278.2388390738 276.8544813944 275.2934251054 272.957615105 272.42329722 272.0086255954 63.29984578229637 63.739000000000004 63.739000000000004 48.103076529 9.048329060978961 8.28124805703378 8.129639007347174
20563200.0 279.9076116432 278.2256187523 276.6958381542 275.1911908275 272.9708277106 272.4345210487 272.019204022 59.45356267592029 63.739000000000004 63.739000000000004 48.103076529 9.11390015810923 8.28708974855177 8.132442577810403
20649600.0 281.0331132042 278.7135819538 276.8432226334 275.2137163218 272.9812683945 272.4458240118 272.030093743 54.24974394748611 63.739000000000004 63.739000000000004 48.103076529 9.171348103820032 8.293111755096708 8.13536961747065
20736000.0 280.2853187555 278.6687551076 276.9198519789 275.2694330398 272.9898430888 272.4568119222 272.0410998211 57.94436971643993 63.739000000000004 63.739000000000004 48.103076529 9.22281401745543 8.29910507785889 8.138371184631975
20822400.0 276.9967108641 277.1663348999 276.3128260565 275.0641343602 272.9969575195 272.4672231666 272.052058014 60.89216023756367 63.739000000000004 63.739000000000004 48.103076529 9.268069698486975 8.304915452499054 8.141403958837369
20908800.0 276.4675478973 276.3878954123 275.7789696633 274.8013149973 273.0030881459 272.4771031364 272.0628565494 62.88004124680884 63.739000000000004 63.739000000000004 48.103076529 9.30894249381093 8.310552283072461 8.144436831264432
20995200.0 277.4995938881 276.512101531 275.6255716895 274.6569433523 273.0084179571 272.4864564967 272.0734356604 57.97060397086471 63.739000000000004 63.739000000000004 48.103076529 9.34593894968545 8.316003064635987 8.147451762994905
21081600.0 276.3803730116 276.0311581678 275.3549615937 274.5082054665 273.0130952091 272.4953047528 272.083757346 63.739000000000004 63.739000000000004 63.739000000000004 48.103076529 9.379575804530319 8.321265531053701 8.150436027734548
21168000.0 275.4846027769 275.4450617151 275.0068359202 274.3293142232 273.0172368035 272.5036777082 272.0937996073 62.492145900532165 63.739000000000004 63.739000000000004 48.103076529 9.410311558245501 8.326343475282046 8.153380956880856
21254400.0 275.9903109799 275.428541221 274.8648193858 274.2158980453 273.0209387649 272.511608738 272.1035519312 58.02346732777049 63.739000000000004 63.739000000000004 48.103076529 9.438582275090482 8.331244295824328 8.156280922080441
21340800.0 276.3380011719 275.5430963753 274.8487202984 274.1708606308 273.0242793265 272.519132089 272.1130119204 54.08440876229874 63.739000000000004 63.739000000000004 48.103076529 9.464781426349811 8.335977473604524 8.159132554593084
21427200.0 273.760960313 274.4543179778 274.3865691477 273.9843764075 273.0273145968 272.5262809297 272.122182753 53.7307340420017 63.739000000000004 63.739000000000004 48.103076529 9.489168078679885 8.340553335939472 8.161934135392809
21513600.0 274.6241047487 274.4207641753 274.2033607967 273.8530034867 273.0300899318 272.5330863217 272.1310712948 49.42982886681151 63.739000000000004 63.739000000000004 48.103076529 9.511966331057044 8.344982291877956 8.16468512421472
21600000.0 275.1341516158 274.5918835659 274.1949360881 273.8041472463 273.0326441434 272.5395769027 272.139686744 46.31346256375519 63.739000000000004 63.739000000000004 48.103076529 9.533390905383392 8.349274476531358 8.167385808849907
21686400.0 274.4550795664 274.348356144 274.0822693191 273.7449703162 273.0350083605 272.5457788137 272.1480396785 44.63967819802586 63.739000000000004 63.739000000000004 48.103076529 9.5536154389254 8.353439546356585 8.170037048606918
21772800.0 274.3154694883 274.1945611727 273.9748157966 273.6846481702 273.0372073903 272.5517157235 272.1561413839 47.99721061196592 63.739000000000004 63.739000000000004 48.103076529 9.572776944647623 8.357486541278224 8.172640084886659
21859200.0 274.8717669227 274.3641367311 274.0018055167 273.6736354225 273.0392627541 272.5574089972 272.1640033962 44.63234839190937 63.739000000000004 63.739000000000004 48.103076529 9.591005037088285 8.361423855095527 8.175196405262339
21945600.0 274.7397950412 274.3614534932 274.0061200764 273.6710338209 273.0411927386 272.5628779084 272.1716371867 42.7033437361389 63.739000000000004 63.739000000000004 48.103076529 9.608414379757747 8.365259252010631 8.177707643434697
22032000.0 275.4051415238 274.6413199554 274.1221407417 273.7128762441 273.0430141762 272.5681399169 272.1790540119 41.16536039704026 63.739000000000004 63.739000000000004 48.103076529 9.625123221601342 8.368999947076137 8.180175527117122
22118400.0 276.1985728304 275.0797973166 274.3443626295 273.8092727888 273.0447434776 272.5732106703 272.1862624839 39.77105861349575 63.739000000000004 63.739000000000004 48.103076529 9.641263267317733 8.37265250682859 8.182601050807046
22204800.0 277.8165376299 275.9295093691 274.777435523 274.0026265615 273.046397842 272.5781048938 272.1932749892 37.821565456539055 63.739000000000004 63.739000000000004 48.103076529 9.656993764623895 8.376223405826648 8.184986621332287
22291200.0 277.6170148285 276.1908490267 275.0479540817 274.1695762156 273.0479902853 272.582836388 272.2001023003 40.34679773933313 63.739000000000004 63.739000000000004 48.103076529 9.672427768795222 8.379718971640388 8.187334263774641
22377600.0 275.437868331 275.4031912605 274.8346969329 274.1494321022 273.0495252136 272.5874176472 272.2067540276 45.55949452276799 63.739000000000004 63.739000000000004 48.103076529 9.68756667932819 8.383145046677079 8.189645748370618
22464000.0 274.6884458446 274.8122688227 274.5266019376 274.0302773389 273.0510032628 272.5918596244 272.2132391993 44.11508442151808 63.739000000000004 63.739000000000004 48.103076529 9.702370276543022 8.386506742480265 8.191922772798044
22550400.0 274.8924582123 274.665797577 274.354293478 273.9263095923 273.0524256798 272.5961717822 272.2195662598 42.81207185705362 63.739000000000004 63.739000000000004 48.103076529 9.716817278772805 8.389808404349969 8.194166950357143
22636800.0 273.8846797056 274.1611255152 274.0760694616 273.7873801214 273.0537937714 272.6003622837 272.2257430302 42.64004599948307 63.739000000000004 63.739000000000004 48.103076529 9.730891994779542 8.393053689130175 8.196379784355642
22723200.0 274.233744504 274.1041625523 273.945062197 273.6907860314 273.0551097266 272.6044382408 272.2317767137 41.113540892870624 63.739000000000004 63.739000000000004 48.103076529 9.74459561010204 8.39624570110963 8.198562658507397
22809600.0 275.1137939119 274.4315988614 274.0229626374 273.6856913287 273.056377296 272.6084059829 272.2376739363 40.197962301531184 63.739000000000004 63.739000000000004 48.103076529 9.757956069914746 8.399387157674422 8.20071684019379
22896000.0 275.107594131 274.5390550014 274.0883809019 273.7074375516 273.0576007393 272.6122712839 272.2434408188 39.02703250225876 63.739000000000004 63.739000000000004 48.103076529 9.771010836119203 8.402480536513007 8.202843496809141
22982400.0 275.0714070268 274.5670901534 274.123040435 273.7275587587 273.0587840285 272.6160394893 272.2490830314 38.22582013597593 63.739000000000004 63.739000000000004 48.103076529 9.783794652639198 8.405528153899155 8.2049437067186
23068800.0 274.205988651 274.2187477011 273.9934946613 273.6866205584 273.0599296942 272.6197155793 272.2546059019 37.84026991666619 63.739000000000004 63.739000000000004 48.103076529 9.796321141929283 8.408532197012414 8.207018492319385
23155200.0 275.464033934 274.6194079537 274.1133929412 273.7171776884 273.0610408762 272.623304178 272.260014381 39.17138547429162 63.739000000000004 63.739000000000004 48.103076529 9.808617700519457 8.411494715529685 8.209068800376249
23241600.0 275.8306240509 274.9142230662 274.2752463693 273.7873865635 273.0621212471 272.626809643 272.2653131379 37.629464623488026 63.739000000000004 63.739000000000004 48.103076529 9.820722980953802 8.414417680565922 8.211095532239833
23328000.0 275.29746948 274.8107473573 274.2930751317 273.8182372209 273.063173596 272.6302360903 272.2705065867 38.40776645224725 63.739000000000004 63.739000000000004 48.103076529 9.832662294561295 8.417302994318806 8.213099549133183
23414400.0 275.7437302113 274.969239502 274.3698549785 273.8578020955 273.0642003036 272.6335873943 272.2755988989 36.829122939249686 63.739000000000004 63.739000000000004 48.103076529 9.844456585027013 8.420152479413906 8.215081672445194
23500800.0 276.2592280867 275.2457793903 274.5138263301 273.925116591 273.0652037316 272.6368672067 272.2805940351 35.44590837206006 63.739000000000004 63.739000000000004 48.103076529 9.856128964330306 8.422967884383622 8.217042692220799
23587200.0 275.4776897079 275.0307065026 274.4800212583 273.9361687496 273.0661851799 272.6400789371 272.285495746 34.63184241856686 63.739000000000004 63.739000000000004 48.103076529 9.867685630023452 8.425750857840647 8.218983363630192
23673600.0 274.2236980027 274.4376644109 274.2283457142 273.8474205972 273.0671445223 272.6432257125 272.2903075823 35.238251605502086 63.739000000000004 63.739000000000004 48.103076529 9.879109563286079 8.42850290224128 8.2209044075557
23760000.0 276.746847727 275.2591752174 274.4772115173 273.9095920877 273.0680830843 272.6463104014 272.2950328934 33.74943440049551 63.739000000000004 63.739000000000004 48.103076529 9.890412892115975 8.431225383457953 8.222806506589599
23846400.0 276.3792698702 275.4008874703 274.6192065379 273.983263549 273.0690024279 272.6493356665 272.2996748467 32.79749774522192 63.739000000000004 63.739000000000004 48.103076529 9.901612300819913 8.433919567909976 8.224690309502893
23932800.0 274.5609365243 274.7175645259 274.3932125188 273.9253178908 273.0699028207 272.6523038864 272.304235676 32.61158567652163 63.739000000000004 63.739000000000004 48.103076529 9.912700789957706 8.43658654310209 8.226556119546997
24019200.0 274.5616788512 274.4678571266 274.2142117599 273.8398402493 273.0707841889 272.6552172455 272.3087182938 31.703405933001047 63.739000000000004 63.739000000000004 48.103076529 9.923666700146924 8.43922728800405 8.228404546567903
24105600.0 274.0542411044 274.1479969344 274.0139153164 273.7361889965 273.071646434 272.65807781 272.3131259347 31.084445430724486 63.739000000000004 63.739000000000004 48.103076529 9.93449910543275 8.441842735690477 8.230236369402528
24192000.0 273.2408871063 273.6761532337 273.7411829247 273.5990446054 273.072489296 272.6608874788 272.3174612169 30.082949653895014 63.739000000000004 63.739000000000004 48.103076529 9.94518457676386 8.444433722308286 8.232052146320742
24278400.0 273.2397441982 273.4779120328 273.5537323211 273.481784537 273.0733125627 272.6636479635 272.3217264626 27.590883916676134 63.739000000000004 63.739000000000004 48.103076529 9.955711071530231 8.447000962823127 8.233852340757208
24364800.0 273.2380464079 273.3781836441 273.4352083171 273.3966211137 273.074116124 272.6663608083 272.3259238203 24.691936707716284 63.739000000000004 63.739000000000004 48.103076529 9.96606871939425 8.449545061698258 8.235637368938225
24451200.0 273.2375911249 273.3228759432 273.361200619 273.3390234273 273.0748999577 272.6690274089 272.330055296 24.04020978832085 63.739000000000004 63.739000000000004 48.103076529 9.976249388511588 8.452066524670181 8.237407610228708
24537600.0 273.2356035837 273.2885860392 273.3141818284 273.3010836716 273.0756640942 272.6716490431 272.3341227716 21.654925193109836 63.739000000000004 63.739000000000004 48.103076529 9.986245956644527 8.454565782569297 8.239163413024805
24624000.0 273.2338568528 273.2674103228 273.2842775829 273.2764300486 273.0764085919 272.6742268905 272.3381280148 20.02653562187882 63.739000000000004 63.739000000000004 48.103076529 9.996051844071468 8.457043205385228 8.24090509718793
24710400.0 273.2348404842 273.2554382756 273.2662559492 273.2621798726 273.0771336923 272.6767620519 272.3420726902 20.898857861851255 63.739000000000004 63.739000000000004 48.103076529 10.005664240071928 8.459499117933992 8.242632956897252
24796800.0 273.2379527827 273.249886538 273.2564489312 273.2548996828 273.077839746 272.6792555673 272.3459583697 24.55414367255753 63.73851414604972 63.739000000000004 48.103076529 10.015082480857117 8.461933814389962 8.244347263810088
24883200.0 273.2390418076 273.2496913514 273.2523059355 273.2514272482 273.0785270595 272.6817084276 272.3497865423 26.291659260388776 63.729222977205595 63.739000000000004 48.103076529 10.024304938469811 8.464347567401369 8.246048270053903
24969600.0 273.2376527927 273.2495880257 273.2505290494 273.2499771714 273.0791958974 272.6841215799 272.353558623 24.12584149001046 63.715760860275054 63.739000000000004 48.10248947439766 10.033329265643426 8.466740632073263 8.24773621084793
25056000.0 273.2380744699 273.2495198152 273.2499115067 273.2495929722 273.0798464904 272.6864959307 272.3572759599 24.73363104446814 63.702218465520886 63.73876949035409 48.10094009675718 10.04215262898168 8.469113247146021 8.249411306499454
25142400.0 273.2396357102 273.2494742 273.2498519863 273.2494749417 273.0804790305 272.6888323466 272.3609398394 27.37981019355141 63.690728326034964 63.73792142304702 48.09915521607463 10.050771632912461 8.471465634653825 8.251073763957521
25228800.0 273.2402515694 273.2494379041 273.2498174788 273.2493931351 273.0810936678 272.6911316505 272.3645514811 28.633602797829813 63.680047811112395 63.73697757853557 48.09730078061869 10.059182251092812 8.473797994412044 8.252723773541964
25315200.0 273.2397132553 273.249404097 273.249790967 273.2493269563 273.0816905177 272.6933946394 272.3681120816 27.53027328803019 63.66878585381732 63.735962191024925 48.09538376788011 10.067379983388529 8.476110520757107 8.254361527871925
25401600.0 273.2361665565 273.2493623855 273.2497684885 273.2492699618 273.0822696584 272.6956220581 272.3716227538 22.264091709502463 63.653032681663966 63.734873164496314 48.093405597525 10.075359782704561 8.478403374608236 8.255987193740015
25488000.0 273.232389564 273.2479714645 273.2497313102 273.2492191489 273.0828358743 272.6978236595 272.3750985539 18.901953130751163 61.204115002365114 63.73254913555268 48.09137871799459 10.083196575234718 8.480686109342257 8.257607471043748
25574400.0 273.2262208338 273.2470242727 273.2496860277 273.249171511 273.083382447 272.6999876094 272.3785209048 15.671167371484055 56.95931908291639 63.72870846054726 48.08925953049305 10.090767814812672 8.482945941754185 8.259213409262918
25660800.0 273.1967623569 273.2456891507 273.249640382 273.2491268006 273.0839122535 272.7021196307 272.3818987826 10.53200875655759 49.25836970448676 63.72353847689107 48.08706321296007 10.098119530666255 8.485188263765968 8.260808883528453
25747200.0 270.8886959543 273.2437212002 273.2495908328 273.2490842677 273.0844243289 272.7042187692 272.3852306952 6.606705326563345 39.263691253150895 63.71623228571714 48.08478265429859 10.105228143831447 8.487411537430855 8.262392884988962
25833600.0 269.8391272805 273.241493642 273.2495368954 273.2490432165 273.0849170738 272.7062828837 272.3885134933 6.566308638969504 31.63776379967426 63.70600109939773 48.082403742379185 10.112060812057814 8.489612923777427 8.263963589320836
25920000.0 267.5806806845 273.2362046162 273.2494703148 273.2490034583 273.0853924252 272.7083158287 272.3917531472 6.522276541579691 22.306993862462477 63.68965220029908 48.07993087703152 10.118645767108317 8.491795978575476 8.265523537453646
26006400.0 269.5029100482 273.2217878209 273.2493657991 273.2489639445 273.0858498014 272.7103173096 272.3949492832 6.557229049798214 14.214744086315232 63.65440200810013 48.07733125750369 10.124967021511784 8.493959867751332 8.26707225779445
26092800.0 266.0752558565 273.1786250305 273.2471595437 273.2488925159 273.086291525 272.7122915521 272.3981082674 6.505566232235665 9.475609695709249 57.669172261568875 48.0733124522019 10.131060254912292 8.49610868249089 8.268612569323032
26179200.0 266.3621290909 269.8258503441 273.2459241675 273.2488049867 273.0867143006 272.7142343037 272.4012237773 6.50831564558334 6.565924153421434 50.62996801562363 48.06777178822158 10.136860727120467 8.498237314309959 8.270141122054557
26265600.0 267.6855050341 270.1795661591 273.2448650818 273.2487179596 273.0871179931 272.7161459949 272.4042963216 6.523691571211704 6.577031675810697 44.692217720681576 48.06114348406869 10.14236141277338 8.50034571133899 8.271657870724027
26352000.0 269.2398468805 271.0571121903 273.2439560844 273.2486322369 273.0875018252 272.7180260357 272.4073251393 6.550957726538893 6.615889309400127 40.285661951011726 48.05341165105653 10.147543700607931 8.502432696154171 8.273162142302061
26438400.0 270.0846477567 271.5691682474 273.2431913971 273.2485483549 273.0878632557 272.719871357 272.410306644 6.573862993688548 6.652330839937218 37.12701863288085 48.04459248710242 10.15235758830344 8.504494294532233 8.274651837830156
26524800.0 270.6217509249 271.8892021909 273.2424604309 273.2484681705 273.0882060117 272.7216875169 272.4132490955 6.594074940079637 6.685668662263416 34.531909990978214 48.03492960008289 10.156866412185039 8.506536174901226 8.27613078649599
26611200.0 270.9684244106 272.095093191 273.241732041 273.2483907668 273.0885298596 272.7234748705 272.4161530942 6.610920390515051 6.714735783170756 32.30067342125889 48.02440551893649 10.161060745507251 8.508558257256121 8.27759903099105
26697600.0 271.5452308654 272.3754255248 273.2410985877 273.2483163168 273.0888345438 272.7252337455 272.4190192052 6.650246694084104 6.771656176250617 30.604689156272 48.013124512704835 10.164931276779573 8.510560439310531 8.27905660206763
26784000.0 267.2745011388 270.6389087194 273.2383464812 273.2482291781 273.0891197928 272.7269644403 272.4218479675 6.5183627004423155 6.594825682841603 25.147483290252428 47.998320436551715 10.168468811599196 8.512542593139136 8.280503522743052
26870400.0 265.5836533381 269.8224019997 273.2308137797 273.2481172199 273.0893885675 272.7286711544 272.4246452578 6.501224046635962 6.565824669889807 17.88207716755691 47.976256495719724 10.17172398204747 8.514509107344347 8.281942575154954
26956800.0 266.1169460363 270.0679212257 273.1944822895 273.247897857 273.0896370863 272.7303502493 272.4274061362 6.505955306220495 6.573319835700226 10.36129862239021 47.91977455942634 10.174622014662663 8.516455372790388 8.28337099740747
27043200.0 266.3161139668 269.8054844083 272.3677602561 273.2462838638 273.0898616718 272.7319979943 272.4301258293 6.507862986521822 6.565338835042101 6.769702634540497 46.68947518223735 10.177092745845185 8.518376571973384 8.284786055499717
27129600.0 267.8435912877 270.1157853859 271.8424898013 273.2449246067 273.0900656983 272.7336184282 272.4328100862 6.525904436713286 6.574886061047563 6.68004934639007 44.68056465970138 10.179197601977892 8.520276924447108 8.286190480176002
27216000.0 268.7084905246 270.5633576944 271.9898656741 273.2438041077 273.0902488739 272.7352117191 272.4354593243 6.540035425126292 6.591576156848893 6.698912135034555 42.841315979372226 10.180928443327552 8.522156180662419 8.287584255442052
27302400.0 269.0081330134 270.7888109407 272.108932682 273.2426902411 273.090410917 272.7367780197 272.4380739404 6.545936413934487 6.601728997241903 6.716993613088557 41.13728625472649 10.182277650987372 8.52401407750992 8.288967358444095
27388800.0 269.2771520463 270.9687545272 272.2045609561 273.2414853216 273.0905516777 272.7383174772 272.4406543125 6.551808006188404 6.610938322080441 6.733926090644811 39.54048457783382 10.18323802825126 8.525850349739622 8.290339760392444
27475200.0 269.3073491216 271.0253955696 272.246523067 273.2400477579 273.0906709092 272.7398302268 272.4432008021 6.552505326948875 6.6140766107831 6.742191461385438 37.97198502126875 10.183804239073803 8.52766472200471 8.291701427311889
27561600.0 269.4019060887 271.0924553252 272.2856277964 273.2382392656 273.0907684757 272.7413163867 272.4457137527 6.554743135745648 6.6179584539354 6.750429733146027 36.430974856529 10.183974917077487 8.529456902819778 8.293052319050798
27648000.0 269.372142703 271.0981447436 272.2959008519 273.235751232 273.0908447621 272.7427760694 272.4481934932 6.554029690598904 6.618296524750045 6.752687287348036 34.87517940745413 10.183760811072748 8.53122659764488 8.294392391056096
27734400.0 269.6964449566 271.2556696243 272.3575668354 273.2323232596 273.0909004063 272.7442093924 272.4506403087 6.562293642917322 6.628253462867635 6.767148819018909 33.40559177075404 10.183177787989253 8.53297352216197 8.29572157815774
27820800.0 269.2753937778 271.0816938323 272.2867643701 273.22632173 273.0909356962 272.7456165062 272.4530545616 6.551767655105396 6.617322814737374 6.750677516526244 31.828822564061042 10.18223265405637 8.5346974368514 8.297039860402574
27907200.0 267.8983876562 270.4289320345 272.0168296622 273.2114870534 273.0909573355 272.7470055368 272.4554462706 6.52669470835703 6.586132681553691 6.702755970538295 30.032495528930482 10.181043299586944 8.536407953689165 8.298352534704158
27993600.0 268.3931848733 270.4847549738 271.9480659297 273.1410829356 273.0909564632 272.7483677791 272.4578047624 6.534438614990307 6.588343144604884 6.693211085079903 28.060793035882494 10.17944913651988 8.538094004777884 8.299653566165961
28080000.0 268.9505704384 270.6202081811 271.7703922161 272.9158049423 273.0909388043 272.7497025779 272.4601294288 6.544753945330747 6.594007811567095 6.671943158237527 26.560903935079164 10.177594516535729 8.539754344300787 8.300942394690193
28166400.0 266.3165467181 269.2400787923 270.985587748 272.6981076277 273.0909175716 272.7510070263 272.4624164339 6.507867222233328 6.550962974763537 6.611858115330378 24.46723151245422 10.175785651914163 8.54138489161136 8.302216650502835
28252800.0 265.8706136261 268.7198381475 270.58525023 272.5790418737 273.0908984129 272.7522916857 272.4646782915 6.50370520308209 6.540247927242682 6.592502983506262 22.065093463579185 10.17409080200791 8.54299845625102 8.30348309891197
28339200.0 267.6656431793 269.5295967719 270.9524646489 272.654649715 273.090881913 272.7535528744 272.4669095778 6.523420340101818 6.557903184566846 6.610058300519631 19.795632788351988 10.1725157141485 8.54459008579639 8.304738524823408
28425600.0 263.992843271 267.9250301976 270.2440745766 272.5211366684 273.090868348 272.7547918774 272.4691108831 6.489660655301888 6.527083433836129 6.5792732482615675 17.21513572549847 10.171051660403085 8.546161053507038 8.305983062228272
28512000.0 264.6270377864 267.8435203607 270.0646496576 272.4668379991 273.0908591805 272.7560103332 272.4712833182 6.493880043422084 6.525903421752571 6.573214115492292 14.205154486257019 10.169719019284084 8.547713116025548 8.307217147787046
28598400.0 266.5773954027 268.8710915832 270.5971382909 272.5768832809 273.0908342008 272.7572088879 272.4734268291 6.510496103799857 6.543160669508748 6.593011256196547 11.631765980066818 10.168035144008153 8.549246796477686 8.308440563751535
28684800.0 266.1935435587 268.9044384698 270.6968716018 272.5713676771 273.0907826709 272.7583884778 272.475542609 6.506679261909218 6.543823707139011 6.597419858114703 9.478303748656899 10.165789138291633 8.550763008235048 8.309653808397456
28771200.0 264.4986750424 267.9238895796 270.0281294572 271.9694540115 273.090714409 272.7595491396 272.477631329 6.492988617577409 6.527066730827214 6.572045278767604 8.169070688210216 10.163252511002812 8.552261522519403 8.310857091333965
28857600.0 264.6210994692 267.5586388442 269.4986656421 271.4267854232 273.0906578775 272.7606911363 272.4796939043 6.493838359811541 6.521984076701553 6.5571225136227245 8.03712775343639 10.161083084710679 8.553742407079122 8.312050770803916
28944000.0 265.2104847057 267.7716396636 269.5273915048 271.3821579351 273.0906222448 272.7618145341 272.4817300644 6.49820129060094 6.524885164731269 6.557847194884354 8.029597966978065 10.159432937354218 8.555205479391896 8.313234523722995
29030400.0 266.1685832704 268.3204215634 269.8489654535 271.5291592451 273.0907001966 272.7629212986 272.4837407817 6.506442041496306 6.5332255579384855 6.566595037163249 8.052273558501543 10.16044107485439 8.556653048997061 8.31440875158353
29116800.0 265.4326873663 268.1008282874 269.8114172177 271.5625075041 273.091082425 272.7640171338 272.4857270627 6.499974749673005 6.529725112982818 6.565508791254887 8.059326345145807 10.168222554426494 8.558092390556554 8.315573885951892
29203200.0 266.7154768594 268.6775584495 270.1031545536 271.6887252533 273.0915419931 272.7651116287 272.4876910529 6.511952065789062 6.539460288083377 6.574469167838367 8.082524865372973 10.177138306534621 8.559536039895672 8.316731041419656
29289600.0 267.2827233998 269.1267670982 270.4201463589 271.8458859429 273.0917506917 272.766213415 272.4896328382 6.518463780400058 6.54845303579916 6.585790979069295 8.115374423037679 10.179759620776055 8.560995475259896 8.317880133234015
29376000.0 268.1121773141 269.6556054156 270.7617697079 271.9989906211 273.0916559596 272.7673143571 272.4915583573 6.529900391931138 6.561189970288318 6.6004357899273165 8.152513426299262 10.175549237472724 8.562460018718678 8.319024563311881
29462400.0 267.8708693386 269.6324668384 270.7898668848 272.0034720657 273.0910733502 272.7683994117 272.4934670421 6.526296300745361 6.560573209912832 6.601779946718353 8.151422513087534 10.160816331346203 8.563909560650997 8.320163902136077
29548800.0 269.8368825039 270.6194601002 271.3001178336 272.133182037 273.0894174599 272.7694386044 272.4953544832 6.566243470341978 6.593975282871983 6.6312906078480545 8.18109985892266 10.12371708467127 8.565303583041793 8.32129540611877
29635200.0 270.4447799204 271.1005325902 271.6147158428 272.2326833417 273.0856056579 272.7703723845 272.4972094167 6.586753260698388 6.618438832208421 6.656430306188385 8.209879069969501 10.0458992038113 8.566561029056361 8.32241215076918
29721600.0 269.6999705854 270.8179533559 271.4986674724 272.1767057839 273.0769175776 272.7710710079 272.4990062475 6.562389839817526 6.603147801006704 6.6463231796547575 8.189138720345719 9.891473753960048 8.567504815367123 8.323498416482927
29808000.0 270.1063616647 270.9586861657 271.5390681096 272.151098752 273.056539704 272.7712112642 272.5006838189 6.574574775821043 6.610393244483778 6.649717658172361 8.17860827718743 9.612815531420502 8.567694602298719 8.324516610017834
29894400.0 269.8920954093 270.8529129176 271.4589823396 272.0653341646 273.0081071793 272.7698808815 272.5020796534 6.567865866613655 6.604885314284876 6.643107973435807 8.150830910897305 9.212013844333528 8.565898590131328 8.32536678600034
29980800.0 267.8322357508 269.7224219738 270.757587074 271.6512227434 272.885226838 272.7638893669 272.5026723086 6.52574219850941 6.563005905833094 6.600237722291465 8.05765464247365 8.780129499339207 8.557924260842212 8.325728583722748
30067200.0 266.5748149162 268.7372962723 269.9782180297 271.070029348 272.6345685611 272.7430945216 272.5007725925 6.510469332470146 6.540576458247571 6.570480627442124 7.976263357734498 8.432165129894365 8.531613935527412 8.324570599443787
30153600.0 265.8505278188 268.0176036812 269.3048595095 270.4729200191 272.2659559749 272.6859190546 272.4920619471 6.503526777619792 6.528457586767843 6.552447525351455 7.9217341604164 8.217234986164485 8.468535135757033 8.319324691322022
30240000.0 265.7719601608 267.6875965561 268.8727721534 269.9928226676 271.8567732785 272.569886612 272.4689804885 6.502835872769696 6.523720218915592 6.543193898618983 7.889504627885749 8.09632620349043 8.370252771914728 8.30590917553233
30326400.0 266.7996485819 268.047765662 268.9094479 269.8029518341 271.5047480964 272.398994432 272.4237290134 6.512862823850906 6.528913372284676 6.543923985323872 7.878430859280297 8.03069882963292 8.269046387231379 8.281470311526512
30412800.0 267.528597157 268.4306836064 269.0721310999 269.7703292887 271.2426683371 272.2037160016 272.3535426156 6.521588240633466 6.535074699825926 6.547280379170707 7.876419398984229 7.9940982386953285 8.188587037484474 8.24772902272343
30499200.0 267.4091853603 268.404530509 269.0396100451 269.6892516958 271.0344654193 272.0096600073 272.2621786732 6.520045713306104 6.534630272943083 6.546593509859787 7.8721321123736825 7.970069935659884 8.12991145028101 8.209894455002551
30585600.0 267.011164319 268.1545882833 268.847918969 269.5213854186 270.8402590768 271.8248101283 272.1562984478 6.515233688332839 6.530560686241214 6.542704476553105 7.863884077026474 7.950731515817461 8.086365396117781 8.172690859838953
30672000.0 263.8612072495 266.3644877963 267.6878378374 268.7973385873 270.525880426 271.6279031136 272.0379786776 6.4888396018259344 6.508338972744317 6.523723524821688 7.8341993474412535 7.924306522643779 8.048924797408793 8.137515510660235
30758400.0 264.8339608032 266.4143610284 267.4331488271 268.423088949 270.2024915104 271.4154169688 271.9070672734 6.495360354633504 6.508835078704822 6.520351382604064 7.821377112090785 7.901569540564615 8.015838292984382 8.104553431755678
30844800.0 265.5994660881 266.7274728786 267.4966612986 268.3026776724 269.9439381045 271.2023107011 271.7659416495 6.501357069999075 6.512080769400798 6.521170914330513 7.817485739905611 7.885846376033715 7.988202209470682 8.074346557849967
30931200.0 265.8330898973 266.8595796892 267.5347813092 268.2411714962 269.746000579 271.0020335089 271.6200947626 6.503372470873989 6.513522417427164 6.52166946447133 7.81555105865689 7.875013010860619 7.966038230811012 8.047589014923187
31017600.0 261.7909866241 264.668083286 266.1652859957 267.4167334603 269.4033894959 270.7859046568 271.4676696224 6.477873188550856 6.494169358083007 6.506410799736222 7.793551696517802 7.858456039833778 7.945324193675919 8.023395438870805
31104000.0 259.9889767109 263.1284496614 264.8960659393 266.4457352284 268.9158126431 270.526360778 271.3004686352 6.47052660910858 6.48456970234568 6.495815498508946 7.77289445177974 7.8384313919543915 7.92388340687626 8.000343147464978
31190400.0 260.6512448064 262.9922582888 264.4615580211 265.8807536236 268.4349377116 270.2329230754 271.1142066501 6.473040287053686 6.483827599519893 6.492734552922706 7.762715111769649 7.821733355139296 7.903145370231189 7.978053107343114
31276800.0 260.9669881526 262.9825249901 264.2623651982 265.5403218811 268.0224810995 269.929474122 270.9116991891 6.474310647722868 6.4837751365608876 6.491398450739865 7.757114737882984 7.809280409416287 7.884726636129798 7.957019273927396
31363200.0 260.8622299976 262.8199885844 264.0391602092 265.2520863451 267.6669750611 269.6320025086 270.6991069887 6.473883711784086 6.482910081388944 6.4899537825939575 7.752673119016447 7.7996786486885705 7.8690141444786255 7.9377793218186055
31449600.0 262.5514333618 263.6228331443 264.4235387724 265.3329409801 267.4364890775 269.3638787827 270.4861380033 6.481524766247716 6.4873964494189424 6.492475998824287 7.753825968532506 7.793910112497727 7.856454128363985 7.920841084508414
31536000.0 263.9291359987 264.4963374375 264.9884524448 265.6215866972 267.3409891969 269.1447002597 270.2841109078 6.489261092605688 6.492972568428652 6.496502170694261 7.75826489460806 7.7915930611539785 7.8471291871419355 7.906534196963238
31622400.0 264.1678816944 264.8205815537 265.2833847199 265.8311300951 267.3122993004 268.9744172389 270.1007246625 6.490780329874546 6.495262971856456 6.498774820853778 7.761667907981215 7.790889599174872 7.840392280865576 7.89478654686051
