0.0 269.1345100964 269.8246552691 270.454577311 271.0816245662 272.1286369477 272.5109571575 272.4246202786 6.548615019429471 6.565873528937396 6.587109468891656 7.975479833125861 8.165894626387582 8.33083833463167 8.281929759802809
86400.0 269.5597139798 269.9643878942 270.3868575559 270.8991814699 271.916229003 272.4139353365 272.3947345523 6.558666485403306 6.57003711078407 6.5844812917685545 7.956418874071428 8.10814024025595 8.276477041257793 8.266967974497822
172800.0 269.7477678653 270.0791127186 270.4210656695 270.8442612099 271.7579508627 272.3038699804 272.3499318098 6.563702027484506 6.573665972468609 6.585796665384833 7.950995137870818 8.073797363665696 8.226406036793787 8.24611312757207
259200.0 269.9074737113 270.1817412435 270.4660825969 270.8230816947 271.6362461077 272.1939609707 272.2955136485 6.56831825853865 6.577088981996739 6.587565844408544 7.948905254411127 8.05109682792049 8.185221044682402 8.223000823662462
345600.0 270.0028696191 270.2482584282 270.4985030165 270.8114161385 271.5416672918 272.0907961721 272.2346988836 6.57124180613957 6.579403928884988 6.588867795547506 7.9477604930073005 8.035259486714894 8.152495172617884 8.199627153117449
432000.0 269.9993300395 270.2485822437 270.4916298407 270.7859825587 271.4624944143 271.9965386714 272.1709468668 6.5711309633939265 6.579415392777563 6.588589791378506 7.945430305671839 8.023054241806008 8.12648158583119 8.177478752441488
518400.0 270.0802164344 270.2928822122 270.507545024 270.7729782467 271.3963454862 271.9113639571 272.1067678126 6.573711614838328 6.581002052746317 6.589235175064965 7.944232912834688 8.013499897567833 8.105551390510193 8.157245204877508
604800.0 270.0812446518 270.2940693625 270.5017286771 270.7532812494 271.3384142577 271.8344163448 272.0438183611 6.573745075212777 6.581045079394955 6.588998639177045 7.942475792939908 8.005572731824541 8.08840081150109 8.139118428002982
691200.0 270.0903140759 270.2939153977 270.4923559638 270.7316847841 271.2861008517 271.7645023016 271.9830284992 6.574040943817254 6.5810394976305 6.588619110419786 7.940580835746416 7.998739277142169 8.074061202332661 8.123010801038557
777600.0 270.0892519008 270.2869231005 270.4784434409 270.708158021 271.2377724002 271.700452079 271.9248165297 6.574006224865259 6.580786477409426 6.58805943909069 7.938550447716467 7.992680789270496 8.061836475995072 8.10871268967311
864000.0 270.1543769279 270.3217395614 270.4906547577 270.6994665755 271.1959628073 271.6418230966 271.8693931561 6.57616897430331 6.582055611491667 6.588550438849793 7.937793075568244 7.987619003677039 8.05132933899196 8.096006725977237
950400.0 270.1393107024 270.3131230325 270.4811048314 270.6834447876 271.1577397691 271.5879578738 271.816809363 6.575662402169546 6.5817393457124345 6.588166162531364 7.936434311502231 7.983133398365772 8.042196867979676 8.084684444395464
1036800.0 270.1765611765 270.3314586559 270.485481189 270.6742650006 271.1236894055 271.538411308 271.7670382093 6.576921874420089 6.582414085905958 6.588342004836834 7.935655132925609 7.979244205591899 8.0342000788529 8.074562277438384
1123200.0 270.200699312 270.3462716819 270.4906179423 270.6679052955 271.0936120239 271.4928609096 271.7200225048 6.577750719861314 6.582964024461847 6.588548953469763 7.9351161727022985 7.975888835329663 8.02716379368368 8.065485177440294
1209600.0 270.2805895604 270.3973857783 270.5197357094 270.6763973128 271.0698923591 271.4514734733 271.6757792422 6.580568173750134 6.58489562731015 6.589733482532286 7.935809631427345 7.973290573384706 8.021015101151823 8.057339034532076
1296000.0 270.3230004457 270.431963445 270.5439312622 270.6869183763 271.0514499727 271.4142702112 271.6343549503 6.582112168444885 6.586233109168264 6.59073284061502 7.936681316199162 7.971298825676225 8.015674889724695 8.050034303368744
1382400.0 270.3329692983 270.4439190538 270.5540455619 270.6912242351 271.0354140004 271.3807548207 271.5957010262 6.582480143737151 6.586701512961075 6.591154731286885 7.937038829258979 7.969589046049471 8.011007526730141 8.04348053327174
1468800.0 270.2862006427 270.4151252756 270.5359595876 270.678863627 271.017446621 271.3497557364 271.5595476683 6.5807704777476275 6.5855786310738065 6.590402050986796 7.9360030227195475 7.9677011439755425 8.006805962834616 8.037566070832533
1555200.0 270.2823813337 270.4056492069 270.5242004243 270.6656826085 270.9980802961 271.3203984998 271.5255178832 6.580632710443719 6.585212960596528 6.58991685037401 7.934904242609289 7.96569460155482 8.002924793620313 8.032178558933056
1641600.0 270.2442571395 270.3763935378 270.5002904547 270.6451491863 270.9765583605 271.2919619511 271.4932020278 6.579272448216013 6.584095868868375 6.588940270525611 7.93321237707349 7.963497952940523 7.999252504407977 8.027215271403184
1728000.0 270.2033927981 270.3413719575 270.4700112691 270.6189075212 270.9525139476 271.263854707 271.4621965156 6.577843838958182 6.582781638984714 6.587722354286506 7.93108021951855 7.961083249042337 7.99570383774167 8.022586508698717
1814400.0 270.061154664 270.2387915594 270.3948924518 270.5657555397 270.9209229822 271.2347857334 271.4319541996 6.573094334339855 6.579069623617489 6.584788047357544 7.926867554510362 7.957973481075117 7.992115405507475 8.018191720770199
1900800.0 269.9758324826 270.1590134644 270.3243591832 270.5073083637 270.8828621609 271.2038525643 271.4018905928 6.570399840369385 6.576315765437023 6.582140090920058 7.922376826808253 7.954313591364076 7.988384602528939 8.013935290904302
1987200.0 269.8756698445 270.0714886342 270.2479241511 270.4428618807 270.8393404144 271.1706050914 271.3714983735 6.567372104999065 6.573418537555878 6.579380295891541 7.9175919930403085 7.950238978963971 7.984471611739022 8.009741402946652
2073600.0 269.8790435554 270.048959397 270.2108616583 270.3979744702 270.7966588989 271.1358196422 271.3405875909 6.5674718167991735 6.572692706391698 6.578081035577324 7.9143502981513425 7.946349902104082 7.980480726770663 8.005583715065425
2160000.0 269.8817852806 270.0381494041 270.1887674873 270.3661986832 270.7578806014 271.1007366578 271.3093026972 6.567552963659445 6.5723472401066045 6.577318137915535 7.91209992845358 7.942904037856087 7.976558037986737 8.001481727242682
2246400.0 269.9127756135 270.0497004576 270.1850434011 270.3486971617 270.7249761763 271.0666286648 271.2780229785 6.568477343089779 6.5727164554156206 6.577190388298161 7.910872756487844 7.9400424506338725 7.972838798170161 7.997482620506023
2332800.0 269.9241828809 270.0541832475 270.1816133134 270.3359269039 270.6970663798 271.0342616649 271.2471745237 6.568820949375245 6.572860298741687 6.577072936697817 7.909984630613443 7.937658998227305 7.969392060476113 7.993634654378087
2419200.0 269.9197144642 270.0484127749 270.1728867369 270.3223536649 270.6721837971 271.0037825481 271.2170721988 6.568686136176394 6.57267519405683 6.576775040868071 7.909049575016346 7.935567736888645 7.966217186745124 7.9899680181191
2505600.0 269.8916783765 270.025925529 270.1530609018 270.3029808656 270.6479154612 270.9748125808 271.1878372876 6.567846621005039 6.5719587517365845 6.576103097490877 7.9077298652805545 7.933558795745454 7.963260959379013 7.986487295692548
2592000.0 269.8026978027 269.9606189324 270.1038124661 270.2658392698 270.6199568416 270.946275246 271.1593079514 6.565252420574155 6.569921228335924 6.574462440588473 7.905241560966355 7.931282248425343 7.96040548750098 7.983164026282772
2678400.0 269.8331401477 269.964018989 270.0921241993 270.2449395623 270.5931470889 270.9181576815 271.1313556495 6.566128197493628 6.570025759154996 6.574078891710502 7.903856909556014 7.929133232983518 7.9576452148496655 7.979975853320914
2764800.0 269.8169139249 269.9490804075 270.0754345459 270.2250876403 270.5678367754 270.8906791386 271.1039520632 6.565659901585447 6.569567732574923 6.573535019832632 7.902556613957532 7.927134534818148 7.954997111974173 7.976913264264756
2851200.0 269.7976424612 269.9300120081 270.055888826 270.2042703558 270.5433271711 270.8638867239 271.0770992637 6.565108143109012 6.568987721761242 6.572903680658762 7.901207946563831 7.92522668082413 7.952460776689486 7.973970742653429
2937600.0 269.755674677 269.8954764077 270.0260700408 270.1776236862 270.5180027152 270.8374971465 271.0507388139 6.563922874878054 6.567950248942053 6.571951957222924 7.899503900794993 7.92328379957886 7.950005357062576 7.971136709994523
3024000.0 269.6984703475 269.8479328293 269.9858265882 270.1435987642 270.490399625 270.8110007944 271.0247145273 6.562342250055635 6.566548729549585 6.570688909354707 7.897361692323388 7.921198280939461 7.947581508528937 7.96839018025762
3110400.0 269.6823014296 269.8240013841 269.9581902313 270.114498011 270.4624155764 270.7843368561 270.9989001666 6.5619025908691135 6.565854664468878 6.569835410719976 7.895555857398693 7.919116343511613 7.945183141931705 7.965714699179132
3196800.0 269.6839675914 269.8156525546 269.9426219909 270.0932133035 270.436181191 270.7579013157 270.97330014 6.561947754252997 6.565614290301238 6.569359480135254 7.894249604080196 7.917192950944182 7.942844618881374 7.963108101937801
3283200.0 269.6871472516 269.811787521 269.9326209769 270.0772394861 270.4124681984 270.7321666354 270.9480291329 6.562034033352054 6.565503316304246 6.569055567579742 7.89327745689311 7.915477461972839 7.9406046651930104 7.960579269727773
3369600.0 269.7269985974 269.8333934018 269.9405972946 270.0731718836 270.3932109981 270.7078178538 270.9233197689 6.563125565658345 6.5661261578774965 6.5692978386136485 7.893027900241358 7.914099444332776 7.938517693181675 7.958147964163742
3456000.0 269.7435378036 269.8454133101 269.9466491903 270.0716499987 270.3776197079 270.6852369678 270.8994189655 6.563584192379347 6.566475302858976 6.569482261246588 7.892933497154235 7.912993627829482 7.936609676377982 7.955834033715321
3542400.0 269.7664464872 269.8608920586 269.9554519264 270.0730519846 270.3650995357 270.6645552066 270.8765215309 6.564224990554668 6.566927734601725 6.569751446914598 7.893015801995203 7.91211187573304 7.9348847637156155 7.953651210319799
3628800.0 269.657354763 269.7915374 269.9109875251 270.0456880329 270.3479825126 270.6444750456 270.8544693812 6.5612302509907225 6.5649250243656745 6.5684029899591785 7.891378639995305 7.910918560083834 7.933230296806937 7.9515796066547075
3715200.0 269.5669177476 269.7179328318 269.8531262003 270.0032907678 270.3239809655 270.6234736802 270.8327970609 6.558852046682488 6.562866366463881 6.56668927468835 7.888882495678066 7.9092649481977295 7.931520862425588 7.949572275367574
3801600.0 269.5643287575 269.6981116005 269.825264709 269.9728701496 270.2983197331 270.6013896319 270.8111424519 6.5587852927003105 6.5623232713540816 6.565880091141524 7.887118677732863 7.9075193786983515 7.9297459130291115 7.947594235309137
3888000.0 269.5365334176 269.671023672 269.7976880641 269.9449285724 270.2725884036 270.5785696836 270.7893539473 6.5580731507994035 6.561588592668546 6.565089137739061 7.885520596438103 7.90579190229591 7.927935650615433 7.945631222093961
3974400.0 269.5257810543 269.6545404771 269.7773422816 269.9217123517 270.2479409238 270.5554985889 270.7674496208 6.557799866337632 6.561145722374944 6.5645118113061125 7.8842077327081785 7.904158160905818 7.926129554726735 7.943684706468811
4060800.0 269.5564479993 269.6672804561 269.7773507582 269.9113240158 270.2270115285 270.5329948171 270.7456279994 6.558582541223166 6.561487744026009 6.56451205074804 7.883622461916118 7.90278611470958 7.924390700128288 7.941771784122945
4147200.0 269.5589395901 269.6678601082 269.7740929556 269.9027677709 270.2090691759 270.5115485817 270.7241359349 6.558646571217197 6.561503350201464 6.564420093096856 7.883143107701901 7.901621078801621 7.922754099010268 7.939912783613928
4233600.0 269.4916325304 269.6217837139 269.74114273 269.8784972132 270.1893199068 270.4905961047 270.7030087409 6.556939946565928 6.5602748472331545 6.5634974348489825 7.881799804686384 7.9003518721304085 7.921174142555667 7.938109026872038
4320000.0 269.4950137953 269.612836016 269.7262007582 269.8604980885 270.1695910204 270.4699362005 270.6822070718 6.557024554651491 6.560039069488769 6.563083433675807 7.880811286049968 7.899096417950929 7.9196342431158735 7.936355513707489
4406400.0 269.4395016353 269.5714588482 269.6933505841 269.8336934974 270.1480501162 270.4491643584 270.6616118321 6.55565017311348 6.558960282311813 6.562182705009352 7.879356096167255 7.8977401355226595 7.918103669049226 7.934640890904202
4492800.0 269.4643384343 269.5766455043 269.6869240756 269.8195282921 270.1281993002 270.4285960439 270.6412114258 6.556261247339149 6.559094480741634 6.562007995696476 7.8785918158832295 7.89650247619142 7.916605218861979 7.932963137122778
4579200.0 269.4464898626 269.5623530934 269.6729445991 269.8042373591 270.1094629249 270.4084485368 270.6210565046 6.555821486686514 6.558725386543093 6.561629628161816 7.8777734506111505 7.895345222404067 7.915153641149956 7.931325348272442
4665600.0 269.426872963 269.5442179572 269.6556330152 269.7870999129 270.0909570548 270.388689265 270.6011761755 6.555341811059483 6.558260219601545 6.561164225583558 7.876863323154168 7.894212668555828 7.913745338765056 7.929728750226441
4752000.0 269.4203557342 269.5337924762 269.6426458865 269.7720370856 270.0730605619 270.3693323443 270.581589978 6.555183289145253 6.55799439163394 6.560817346345059 7.8760686223591785 7.89312699572592 7.912380148608987 7.928173754800027
4838400.0 269.4486003165 269.5474319067 269.6459416559 269.7667761611 270.057938018 270.350794611 270.5624044863 6.55587331900548 6.558342401289977 6.560905191887406 7.8757906504261435 7.892216381754416 7.91108589744594 7.926667549776238
4924800.0 269.4809053524 269.5686751926 269.6576352791 269.7690451872 270.0465676192 270.333606508 270.5438173178 6.556672299359786 6.558888378900442 6.56121787712194 7.875907622106058 7.891535452264665 7.909897193914947 7.925224049114408
5011200.0 269.5171592297 269.5949326772 269.6749647263 269.7770018835 270.0390607437 270.318179538 270.5260593818 6.557581609494636 6.55956998083315 6.561684163575284 7.876323947628131 7.891087276555268 7.908839424448567 7.9238591553165865
5097600.0 269.5471035369 269.6188526202 269.6926380592 269.787238609 270.0346685733 270.3046608035 270.5093207964 6.558342995305587 6.560197512251908 6.5621633104873105 7.876862709830315 7.890825186444771 7.907919505797862 7.922585108922643
5184000.0 269.524407211 269.608661739 269.6891072507 269.7866206943 270.0297999675 270.2924765464 270.4935982352 6.557765036078221 6.559929380450896 6.562067292304889 7.876830212545968 7.89053603079647 7.9070959387311905 7.92139927094486
5270400.0 269.5438176495 269.6195489141 269.6951038266 269.788862115 270.0252033345 270.2812776647 270.478803138 6.558258982790867 6.560215874782173 6.562230452831216 7.876948157278974 7.890263703663314 7.906343561707499 7.920292863904139
5356800.0 269.5618767724 269.6328278377 269.7041126731 269.7934439917 270.0215629391 270.2709887526 270.4648621449 6.558722137880993 6.560567107324259 6.562476374427113 7.877190146994424 7.890048267130178 7.905656153575079 7.9192586234613955
5443200.0 269.5472429878 269.6255784707 269.7007315115 269.7917419376 270.017218647 270.2612857711 270.4516606049 6.558346563287329 6.560375112708459 6.562383963215578 7.877099995719035 7.889792090114472 7.905011225803902 7.918286564596369
5529600.0 269.5666342915 269.6367023298 269.7067775386 269.793841197 270.0132953213 270.2521060423 270.4391085571 6.558844734582651 6.560669964318948 6.562549304335956 7.877210695695718 7.889561106628368 7.904404031409158 7.917368856190658
5616000.0 269.5981545885 269.6588153226 269.7215067534 269.801768048 270.0111962372 270.243696333 270.4272064204 6.559663196870663 6.561260277483911 6.562953934818064 7.877630907152711 7.889437249733769 7.9038502716007635 7.916504473542894
5702400.0 269.6058264275 269.667920863 269.7298999542 269.8078067727 270.0099884069 270.236092834 270.4159689143 6.55986405630021 6.56150498614576 6.563185675455294 7.877952345478293 7.8893657790285765 7.903351643157037 7.915693493026333
5788800.0 269.5927912454 269.6615323802 269.7274739828 269.8075061013 270.0078574858 270.2289534206 270.4053270797 6.5595231633011135 6.5613331972582545 6.563118605512519 7.877936468533405 7.889240585642895 7.902885204542031 7.914930050558411
5875200.0 269.5288640792 269.6188010961 269.6995062942 269.7911173418 270.0013042085 270.2213454287 270.395016075 6.557878100657048 6.560196153680618 6.562350510094627 7.877066495639461 7.888857846136543 7.902390011937543 7.91419452276305
5961600.0 269.5026271155 269.5929156845 269.6766994195 269.7731073695 269.9913595193 270.2127207504 270.3847226799 6.557215490492387 6.55951735539706 6.56173103137827 7.876116853366312 7.88827939054033 7.901830949876092 7.913464317154662
6048000.0 269.5330677054 269.6057965101 269.6787475397 269.76805919 269.9824196292 270.2035480539 270.3743439965 6.557984932352037 6.559854201976732 6.561786412570026 7.8758508383910755 7.88776129962532 7.901239033312031 7.9127321363810195
6134400.0 269.5320508021 269.6055600799 269.6771466944 269.7640680776 269.9746511427 270.1943023647 270.363931688 6.557959071514819 6.559848002543123 6.561743121512894 7.875641229824716 7.887312673454658 7.900645169198693 7.912001657277777
6220800.0 269.5552831399 269.6196417916 269.6846313567 269.765779622 269.9689165493 270.1854531519 270.3536289945 6.558552629007631 6.5602183245396475 6.56194578415062 7.875730020485331 7.886982280265073 7.900079349309125 7.91128284742783
6307200.0 269.5675555999 269.6294978744 269.6914484698 269.7688116915 269.9648460088 270.1772597527 270.3435881241 6.558868504047671 6.560478841824763 6.562130943899597 7.8758883861184925 7.886748104620295 7.8995576938599035 7.910586078648279
6393600.0 269.5869141816 269.6437083702 269.7013490434 269.7742463516 269.9623965984 270.1698731427 270.3339392986 6.559370080133773 6.560856388044166 6.562400830951565 7.876173217949565 7.88660715908835 7.899089231610982 7.9099199941577245
6480000.0 270.905908079 270.5034005888 270.2533312407 270.0870104284 270.0333761999 270.1766082402 270.3278097727 6.607587978033541 6.589078908918563 6.579571928437952 7.8938584821075946 7.890734737805781 7.899516305154701 7.909498614036476
6566400.0 270.4197742051 270.3588918068 270.2754357095 270.1841188726 270.1058581338 270.1953895125 270.3269966812 6.585769057633719 6.58343600125266 6.580360948993483 7.8998940036606164 7.895101988771909 7.900714855096937 7.90944281937848
6652800.0 270.24274999 270.2442284348 270.2266190358 270.1947031935 270.1539596713 270.217888037 270.3306643539 6.579219224047626 6.579261417251474 6.5786304046634925 7.900563043594601 7.89808740018825 7.902165606398099 7.909694685699473
6739200.0 270.1760921998 270.1887430593 270.1918836346 270.1874508007 270.1819055349 270.2385239435 270.336855182 6.576905870921204 6.5773289813790585 6.577425218409338 7.900097678043796 7.899854858800405 7.903510862124356 7.910120927723783
6825600.0 270.4521825131 270.3600887852 270.2988276496 270.2513258562 270.2146603068 270.2584055914 270.3445324691 6.587037477973012 6.583480932977147 6.581205901088791 7.904244186370673 7.901958038883779 7.904820407805045 7.910651452028706
6912000.0 270.4657074179 270.4041160676 270.3514632056 270.3017717297 270.2493960976 270.2785920861 270.3533615844 6.5875736082394205 6.585153976545049 6.583145777176433 7.907615216098973 7.904226932398241 7.906163783961292 7.911264242831633
6998400.0 270.2780297685 270.2985551372 270.300973951 270.2920622648 270.2710447193 270.2969171354 270.3626697911 6.580476079117465 6.581207902767469 6.581283949634517 7.906957085687906 7.905661469763598 7.907395485293517 7.91191340387081
7084800.0 270.1582646803 270.205787377 270.2367108697 270.2581688032 270.2775896722 270.3110108264 270.3714309324 6.576300313197628 6.57791678028268 6.578984588404139 7.904694554387424 7.9060984048133065 7.908350800054676 7.912527359893812
7171200.0 270.0972265161 270.1480751125 270.1880814123 270.2241681974 270.2743207569 270.320134639 270.3787642996 6.574267330990378 6.575946768994986 6.5772945849591515 7.902465008256748 7.905880365898894 7.908973004398879 7.913043475888893
7257600.0 270.061693614 270.1113310626 270.1536341132 270.1960625799 270.2663199175 270.3248541174 270.3842122476 6.573111708679787 6.574721863793653 6.576122431263277 7.900650761777873 7.90534791088558 7.909296022569008 7.913428212533985
7344000.0 270.0548890959 270.0969342413 270.1355277306 270.1776206243 270.257540458 270.3263797448 270.3877500826 6.572892682035392 6.574247970995752 6.57551439100126 7.899473833240358 7.904766052804799 7.909400613454912 7.913678659309125
7430400.0 270.0585144889 270.0939313181 270.1279438666 270.1672398226 270.2500504503 270.3259673323 270.3896421279 6.5730092876598585 6.574149547736895 6.575261338808703 7.898815856311778 7.904271629089515 7.909372331837648 7.913812794609461
7516800.0 270.1578439304 270.1560280057 270.1645006072 270.1839012221 270.249518306 270.3255124699 270.390480542 6.576286086761184 6.576214852743164 6.576489998606822 7.899871968453984 7.90423637242988 7.909341146280918 7.913872277085044
7603200.0 270.1516407805 270.1631821186 270.1756078676 270.1938368343 270.2521015582 270.3257416416 270.3908179495 6.576076693004606 6.5764569249113904 6.576867790367975 7.900506580578023 7.90440653162431 7.909356857457791 7.9138962225129665
7689600.0 270.1279025512 270.1505743855 270.1705811489 270.1939129207 270.2539588765 270.3263186801 270.390922079 6.57528134902399 6.576030901963669 6.576696554594763 7.9005116668242135 7.904529106586337 7.9093964254903915 7.913903613339094
7776000.0 270.1354725538 270.1538678359 270.1723338538 270.1953543661 270.2553979994 270.3269603053 270.3908804766 6.575533959486155 6.576141930068697 6.576756211443255 7.9006040322649955 7.904624181355967 7.909440436404959 7.913900660459558
7862400.0 270.2012920997 270.1973226219 270.2006373201 270.2118999318 270.2601507686 270.3281882749 270.3908624247 6.577771202745902 6.57762422415579 6.577726929859589 7.9016684990698725 7.904938539216473 7.909524707771868 7.91389937919081
7948800.0 270.1919722751 270.2001204731 270.2085216476 270.2210616868 270.2656031803 270.3300158941 270.3909949586 6.577449883439177 6.577720783214619 6.577999829631 7.902262032926726 7.905300202345207 7.90965023194317 7.913908786377667
8035200.0 270.1920890651 270.2023711008 270.2127607936 270.2267067884 270.2704800733 270.3321508545 270.3912960434 6.577453900602399 6.5777985563504995 6.578147013065509 7.9026291626863525 7.905624603709695 7.909797017929449 7.913930159729253
8121600.0 270.1906299081 270.2028657183 270.2148684471 270.2301877118 270.2744453294 270.3343003252 270.3917084605 6.577403727823907 6.577815660392455 6.578220309613829 7.902856096788091 7.905888995085825 7.9099449684767915 7.913959441948242
8208000.0 270.3273133377 270.2923556195 270.273136737 270.2645642811 270.2850215136 270.337636445 270.392461899 6.582271128768703 6.580982975695488 6.58027846341662 7.905118133420581 7.906596627714421 7.910174929912009 7.914012953961304
8294400.0 270.983154377 270.7351075708 270.5679779257 270.4401105995 270.3331752482 270.3488245575 270.3952498342 6.611716075104135 6.59916308860908 6.591739937236995 7.917344893734245 7.909869267630301 7.910949102146462 7.914211152497041
8380800.0 270.9064950651 270.7775354846 270.6591617647 270.5412152907 270.3905899696 270.3681657977 270.4013618002 6.607618540667327 6.601167954485362 6.595690425768933 7.92492813143378 7.913883411268572 7.912298326265934 7.914646705497243
8467200.0 270.6828263532 270.6587132631 270.6150401944 270.5522611003 270.4312157984 270.3902691958 270.4103852901 6.596774987125638 6.595683202062342 6.593752264120166 7.925769734556759 7.916798935003881 7.91385739413252 7.9152923761531
8553600.0 270.921416036 270.7997629185 270.7052571657 270.6138040609 270.4714428905 270.4136891617 270.4216263969 6.608399482183505 6.602239886022955 6.597771088011619 7.930637311278876 7.919750721768111 7.915529687454676 7.916101158325369
8640000.0 271.0776542231 270.9317685683 270.8123384431 270.6957603683 270.5180004352 270.4392595587 270.434847333 6.61707688391207 6.6089344781697905 6.602839961236446 7.937400764078703 7.923251156489275 7.9173799735669705 7.917058741848916
8726400.0 270.8464102893 270.8170633772 270.7687854799 270.7000627008 270.5515306131 270.4643183163 270.4493448927 6.604550978894326 6.603084793704928 6.600737075970733 7.9377512379170225 7.925828261565735 7.9192185554261725 7.918116781337107
8812800.0 270.7300976772 270.7282774318 270.7113694674 270.6760821186 270.5687875393 270.485869698 270.4639476898 6.598940817891793 6.5988452748135025 6.598051408111688 7.935728110729066 7.927172513794462 7.920820293011763 7.919191061487172
8899200.0 270.6662575936 270.6712846514 270.6665115557 270.6487840699 270.5747211438 270.5026518625 270.4775722228 6.596030532515595 6.596244769639434 6.596018295245863 7.933466277009787 7.92763681118277 7.922080959053808 7.920201223665346
8985600.0 270.6076506684 270.6211593597 270.6258425417 270.6206360641 270.5734155379 270.5146873249 270.489512059 6.593455919092159 6.594030673726571 6.594222084811825 7.931173800129643 7.9275330793600975 7.922992386178966 7.921092785484815
9072000.0 270.6062684998 270.6085939953 270.6087381822 270.6040433307 270.5700542763 270.5230070205 270.4995412943 6.593396276495707 6.593485941964973 6.593479559007661 7.929840539088427 7.927268641146001 7.923626045092431 7.921846284402141
9158400.0 270.504344344 270.5380798987 270.5590727682 270.5715875157 270.5617686955 270.5278922626 270.5075770584 6.58912777238964 6.590502325787117 6.59136534629545 7.92726977406005 7.926619959367402 7.923999513635029 7.922453075144725
9244800.0 270.4583042252 270.4928560961 270.5189276826 270.5398603175 270.5498460916 270.529617028 270.5136018082 6.587279643327657 6.588651644220391 6.589700346410878 7.924803167461294 7.925692366366224 7.924131615930971 7.922909811864562
9331200.0 270.518555009 270.5197968813 270.5255287149 270.5336598341 270.5412373813 270.5296139978 270.5179046533 6.589707987633415 6.589748387457637 6.589971494175648 7.924325860220607 7.925026653125598 7.924131383727797 7.923236960674775
9417600.0 270.4802342157 270.4973187531 270.5101910974 270.5217960583 270.5337470983 270.528657886 270.5208516645 6.588153986565802 6.588832160850924 6.589343042754539 7.923418047017089 7.924450105090573 7.924058137918046 7.923461482902663
9504000.0 271.2185349699 270.9685264407 270.8052998799 270.6824614633 270.5660292876 270.5341407822 270.5243413599 6.625787944861643 6.610905985265216 6.60249614957755 7.936277384737929 7.926953610804477 7.924478711114989 7.923727834046255
9590400.0 270.9902483691 270.9149504921 270.8323625839 270.7413202888 270.6037368403 270.5461013601 270.5297404356 6.61210624951093 6.608048703418483 6.603826630369398 7.941293258777661 7.929938004811879 7.925400722591074 7.924140956115052
9676800.0 271.5142715759 271.2559366299 271.0639906921 270.8922850314 270.6630297066 270.5664041134 270.5383184881 6.647609635014214 6.628249975056806 6.616253562793714 7.955086327721679 7.934768287978424 7.926980297246744 7.924799930634105
9763200.0 271.410865773 271.2654243106 271.1254648691 270.9739586633 270.7226154185 270.5930098758 270.5504734164 6.6393488675041645 6.628889319810832 6.619904880798767 7.963108994485585 7.93979780807221 7.929078376556798 7.925739207540774
9849600.0 271.1825849328 271.1371017604 271.07014897 270.9753830316 270.7630875653 270.6205236656 270.565222591 6.623476369690008 6.620629000564424 6.616612027965851 7.963221666467152 7.943316547731453 7.9312824316162915 7.92688775153487
9936000.0 271.2498708044 271.1637628308 271.0845697587 270.9921022769 270.7937018132 270.646403249 270.5812913958 6.62785611767674 6.622279110266475 6.617457707552609 7.964917296650772 7.946036791166727 7.933388311821583 7.9281501859759045
10022400.0 271.1961823457 271.1370576126 271.0747720485 270.9966105713 270.8163823562 270.6696218772 270.5976336144 6.624343173120739 6.620626295385655 6.616882179254216 7.965372321439822 7.948085352847026 7.935305361411455 7.929446185748335
10108800.0 271.0824897578 271.062098883 271.0291311573 270.9769313691 270.8285825965 270.6891160456 270.6133525646 6.617361040551784 6.616157674505 6.614253960331078 7.963358520553399 7.949197761997282 7.9369355964576265 7.9307044367898305
10195200.0 271.0149390312 271.0052801187 270.9859942927 270.950735451 270.8321171691 270.7043600535 270.627742053 6.613479384020902 6.612927734901469 6.61184676856459 7.9607270343374825 7.949519679944213 7.938223824264011 7.931866461488465
10281600.0 270.9707026121 270.9645164054 270.9514324419 270.9258818127 270.8302370049 270.7155706021 270.6403786501 6.611035832577698 6.610688492372378 6.609969440762315 7.9582755554445175 7.949344707329814 7.9391788290297 7.9328950791913995
10368000.0 271.5802444016 271.3453112384 271.1835334795 271.0477497917 270.8576368335 270.7290793177 270.6523951358 6.653301402116514 6.6344710831512 6.623510032888328 7.970732976102247 7.951887359039163 7.940338322101875 7.9338803790489
10454400.0 271.3117920224 271.2494427487 271.1716164624 271.0755680127 270.8857697928 270.7451997858 270.664699579 6.632097375215112 6.627815135794344 6.622757244850208 7.973705683356453 7.954543698017671 7.941734625890953 7.934896611065742
10540800.0 271.3295318744 271.2534098582 271.1799629773 271.0932431212 270.9093855196 270.7622941827 270.6774736697 6.633352162840373 6.628080513484156 6.623283770624523 7.975628780729732 7.956810335656564 7.943230552638882 7.935959565904323
10627200.0 271.2226821989 271.1894112987 271.1456806833 271.0835121773 270.9238997468 270.7782408677 270.690306464 6.62605876377779 6.623898212500258 6.621142173719368 7.974553650276006 7.958219248012532 7.944640451088687 7.9370356480485675
10713600.0 271.1592369122 271.1385603864 271.1094741088 271.0641670506 270.930063488 270.7916362434 270.7025817624 6.622008759188214 6.620718428695149 6.618939232839006 7.972453051466278 7.958819973168758 7.945835702651038 7.938072811667197
10800000.0 271.1694038673 271.1347640934 271.1003515981 271.0556043421 270.9332151029 270.802515462 270.7138960968 6.622644643309721 6.62048588112218 6.618393413843042 7.971534271227803 7.959127592033503 7.9468138838063265 7.939035645814768
10886400.0 271.9846977365 271.6528774602 271.4235633077 271.2317450867 270.9756161361 270.8184830397 270.7256933088 6.6981792200262715 6.65998400257361 6.640294807581839 7.991716395957889 7.963362614336906 7.948261827725329 7.940046668975486
10972800.0 271.6532860971 271.5489727696 271.428073387 271.2850664734 271.0200154203 270.8395144467 270.7390572018 6.660037006472761 6.650546110809251 6.640643403611179 7.998323317222723 7.967928103725841 7.950191585691164 7.941200818671282
11059200.0 271.6797264971 271.5619465496 271.4496243416 271.3198142326 271.0582306502 270.8629761194 270.7540683206 6.6625981103322856 6.651673721779754 6.6423282390534295 8.002786604803557 7.971969773536983 7.952375349309429 7.9425086092919654
11145600.0 271.5582239409 271.4939394575 271.4188284451 271.3194777423 271.0846807125 270.8858128735 270.7700373201 6.651362296690747 6.645911167763025 6.63993030436324 8.002716520972609 7.9748282695111605 7.954533131460074 7.943913274420422
11232000.0 272.1472823304 271.8575444883 271.6440795021 271.4473341471 271.1310796854 270.9113443557 270.7872129206 6.72348019114134 6.6818011343678565 6.65913080205893 8.020440163838712 7.979989597351316 7.956984118239319 7.945439780207814
11318400.0 271.8433066354 271.7440084079 271.6253850879 271.4779137868 271.1725461097 270.9385732261 270.8056348066 6.680134167733579 6.669108905839648 6.657376892413797 8.024899847753478 7.984749109746112 7.959644208440083 7.947095472224897
11404800.0 271.6614421514 271.619155738 271.5544394868 271.4561387955 271.1971056868 270.9639893766 270.8245337345 6.660819745913154 6.6568158520665905 6.651003656280977 8.021618905169545 7.987630768775714 7.962171466169057 7.948814235495727
11491200.0 271.5379516711 271.5190498758 271.4821323951 271.4164746941 271.2058598737 270.9849644602 270.8427640395 6.649612378802472 6.64799687365366 6.64493121253302 8.015876174755887 7.988663385248958 7.964290216275636 7.9504919584478895
11577600.0 271.4381497972 271.4340705672 271.414602751 271.3713154994 271.2030872057 271.0004817235 270.8593219702 6.641455623785949 6.641124415768555 6.639606259054215 8.009591333434715 7.988323293339007 7.965877372005101 7.952032921985469
11664000.0 271.4262914956 271.4060860925 271.3813367078 271.3410363523 271.1959931828 271.0112116486 270.873694678 6.640533830947973 6.638971969421158 6.637095965101853 8.00551544379209 7.987473905723937 7.966984847516179 7.953383988486462
11750400.0 271.4334498177 271.4010663766 271.3686107059 271.324840689 271.1893417351 271.0186212937 270.8858803375 6.641089133089722 6.638591349286498 6.6361542948169285 8.003378728562 7.986684032851996 7.967754451762181 7.954539428484765
11836800.0 272.0275917743 271.774056395 271.5964926728 271.4432924459 271.2120616878 271.0287769104 270.8972189673 6.704317000526116 6.672314579107159 6.654728744102799 8.019778799924378 7.989394578081606 7.968815744216145 7.955622877312201
11923200.0 271.7616664384 271.6824964737 271.5879772547 271.4724680942 271.2373817964 271.0421433742 270.9087823945 6.670994640612058 6.66285632255383 6.653962313502971 8.024037657975876 7.9924674694026265 7.970224134740313 7.956736177754749
12009600.0 271.7283971368 271.6542459327 271.5767052885 271.4795794807 271.2569585155 271.0567390296 270.9207994909 6.6674980040680145 6.660114828101272 6.652957366064467 8.025079549477583 7.994881660699993 7.971777267110504 7.957902230032624
12096000.0 272.5881994028 272.1895548244 271.9089855176 271.6643003678 271.3101049389 271.0776015458 270.9344628016 6.8409243712522905 6.731072577455686 6.68809911789168 8.055477064466185 8.001647755325617 7.974025393237461 7.959239410541415
12182400.0 272.341520675 272.1534261374 271.9624880584 271.749913705 271.3683895138 271.1046640869 270.950651573 6.763213218687209 6.724538933091177 6.69509857860254 8.071417091622925 8.009406677747881 7.976992198927184 7.9608396855673815
12268800.0 272.0571654569 271.9890848455 271.8885466003 271.7455350102 271.4086474991 271.133125739 270.9688845788 6.7087576171098435 6.698775475036424 6.685543506058473 8.070403372674376 8.014976178186934 7.9801759302625666 7.9626631086510145
12355200.0 272.2236461164 272.0664886476 271.92933006 271.7745549618 271.4422070559 271.1608533552 270.9882936518 6.737602817947257 6.7101786864327835 6.690706412505785 8.076120237818206 8.019766243058674 7.983342362702054 7.964629182746757
12441600.0 272.0186813583 271.9574549315 271.8755620264 271.7601212551 271.4639216365 271.1859414689 271.0078939621 6.703013319625423 6.694438516104832 6.683951993524919 8.073181535191937 8.022932482984837 7.986264372704368 7.966641408517164
12528000.0 271.9157845452 271.8741250343 271.8170040732 271.7295653133 271.4737180696 271.2069600171 271.0267268892 6.6889967494673765 6.683795154301168 6.677065897004428 8.067218888198738 8.024371040584095 7.988755398830163 7.968600774581096
12614400.0 271.8092120992 271.7890352749 271.7528416231 271.6890900252 271.4733096083 271.2231776953 271.0439969087 6.676215880495005 6.673952113595301 6.6700235303665965 8.059643307157367 8.024295339920396 7.990704956734417 7.970420354358754
12700800.0 272.5290030929 272.216513263 271.9999236922 271.8093656253 271.4990921723 271.2401591606 271.0603757779 6.818108239142317 6.73619301732258 6.700283911177203 8.08325455856879 8.028190695588341 7.992772615769213 7.9721666299150975
12787200.0 272.5909421097 272.3424562937 272.1294115197 271.9133951965 271.5425216392 271.2614720652 271.0771825307 6.84206853361575 6.763419671870517 6.720369441058475 8.106344667482963 8.034962753788127 7.99540662936409 7.973979779446593
12873600.0 272.8690756139 272.5527897891 272.2890408587 272.026798815 271.593205026 271.2857021592 271.0945546016 7.034339255794268 6.826845820442915 6.751121886018492 8.135192939187046 8.043222361281934 7.998455306558209 7.975877003156057
12960000.0 272.7148252614 272.549841164 272.3553869387 272.1188248015 271.6550687051 271.315844689 271.1138013095 6.9045368336128785 6.825731807716392 6.766553488944508 8.161777644826117 8.053865492119916 8.002331035968705 7.9780069558487385
13046400.0 272.8892076961 272.6300600931 272.4100416542 272.1731430571 271.7104500031 271.3506827874 271.1358592271 7.05935666694315 6.8593364809574044 6.780795602231092 8.179169244913435 8.063946910614126 8.006930052601021 7.980485077439032
13132800.0 272.9275613186 272.6921187587 272.4764495944 272.2363133548 271.7619988212 271.3865904177 271.1597849755 7.116101508788057 6.891187367748025 6.800382069471746 8.201441896020079 8.073865311691163 8.011810713629458 7.983219010788746
13219200.0 272.9384956354 272.7209777453 272.5177839007 272.286255611 271.8109894942 271.4228552921 271.1852777426 7.135044661565147 6.908301999300485 6.814102558551358 8.220643280044577 8.083812527122232 8.016892031222385 7.986186221669926
13305600.0 272.8765618091 272.715696878 272.537836087 272.3219509085 271.8548920585 271.4587495258 271.2117761606 7.043318847557366 6.90504312723271 6.821253913467749 8.235315406316992 8.09319090274294 8.022079854660658 7.9893316924335815
13392000.0 272.8387279432 272.6868922709 272.5290626926 272.3340437675 271.8887697534 271.4921950953 271.2385135908 7.001319262159451 6.888260182097081 6.818082381804371 8.24029918021619 8.100741000645327 8.027063077442904 7.992570922929757
13478400.0 272.9435690043 272.7431633253 272.5618194741 272.3575329421 271.9194553685 271.5242978165 271.2650540399 7.144340961736588 6.922679270193233 6.830283047694367 8.250827727653549 8.107842745963303 8.031988663281837 7.995853515434802
13564800.0 272.9546950728 272.7666781877 272.5905584045 272.387472989 271.9489811655 271.5540754192 271.2909910619 7.165981915830745 6.93926084624227 6.841858260783632 8.264919095779764 8.114940900131634 8.036688371858066 7.999128460671405
13651200.0 272.9600244391 272.7802543621 272.6103597597 272.4123248853 271.9778206327 271.5823665025 271.3161314624 7.1770150635201295 6.949546437475925 6.850366209863007 8.277191837348512 8.122130460007396 8.041275677959836 8.002368224140053
13737600.0 272.9636259081 272.7904632177 272.6260411069 272.4332048471 272.0047277165 271.6095138237 271.3405575921 7.184737506854642 6.957661675011235 6.857443428406014 8.287966876857931 8.129076555962332 8.045794590086944 8.00557973134657
13824000.0 272.9666988628 272.7988803502 272.6392122169 272.4512330329 272.0294688235 271.6354510759 271.3643063573 7.191505841952257 6.9646171600634865 6.863637877969604 8.297642819262622 8.13567845471274 8.050223916289315 8.008764501679552
13910400.0 272.9682292816 272.805788901 272.6505596564 272.4671018457 272.0521552237 271.6600866581 271.3873338084 7.194940511905795 6.970515657792214 6.869169984804632 8.306466363877133 8.141923454049477 8.054536510062048 8.01191317274573
13996800.0 272.9708685311 272.8119977814 272.6604976956 272.4811992185 272.0730474521 271.6834518181 271.4096159887 7.200966776174601 6.9759703517314415 6.87417216402568 8.314559100098789 8.147845126182677 8.05872568027194 8.015018629200489
14083200.0 272.9734324207 272.8181343179 272.6698662718 272.4941576934 272.092396008 271.7056183032 271.4311476991 7.206949884391853 6.981511213666274 6.879029227167561 8.322227818534312 8.153482532417504 8.06279257095928 8.018076094956655
14169600.0 272.9755294018 272.823626146 272.6784404254 272.5061093892 272.110402919 271.7266281787 271.4519055722 7.211941144013142 6.986601883474724 6.883600696903435 8.329501974929734 8.158867862164186 8.06673372653852 8.021077999816539
14256000.0 272.9522703714 272.8233976339 272.6850891315 272.5169558432 272.1272227724 271.7465556704 271.4718903646 7.16111044729243 6.986387506437405 6.887232296037796 8.336268804940769 8.164024329462597 8.07055248773468 8.024020035630082
14342400.0 272.8312407016 272.7579197022 272.6558959906 272.5125469949 272.1414271197 271.7652457607 271.4910075615 6.99390695668572 6.93291064536493 6.871837197890329 8.333111626143118 8.168467266002489 8.074208009325554 8.026883445218125
14428800.0 272.956839022 272.7956856007 272.6591694314 272.5075697904 272.1517184059 271.7827792841 271.5094779788 7.170365515125448 6.961948013028174 6.873494815014008 8.32994172843493 8.171725126743421 8.077704544402422 8.029696897913547
14515200.0 272.9733532689 272.8224660333 272.6830109471 272.5225578262 272.1613668231 271.7985781238 271.5270624483 7.206763228841518 6.985515854814368 6.886088839258694 8.339628586005029 8.174842551089808 8.080912656830485 8.032419451104648
14601600.0 272.978139928 272.8335085366 272.6968579774 272.536744606 272.1735558706 271.8133482424 271.5436694477 7.218281951004794 6.996093961853622 6.893855456327131 8.348978437102362 8.178864793742136 8.083962648474856 8.0350311848214
14688000.0 272.98104738 272.8403596376 272.7065614543 272.5485260765 272.1865913907 271.827881827 271.5595141592 7.225516245154006 7.002939529076859 6.8995134659547555 8.356945436811305 8.1832492226153 8.087013036127809 8.037560681714938
14774400.0 272.9830783816 272.8456260144 272.7143806463 272.5586617654 272.199443742 271.8422786304 271.5748371621 7.230681510428734 7.008358033509753 6.9042096570426175 8.36397058565641 8.187656625113974 8.090084199230342 8.040042733485363
14860800.0 272.9844967135 272.8498728324 272.7210041157 272.5676299883 272.2117808278 271.8564304502 271.5897605518 7.234344873613295 7.012831010982927 6.908287738209148 8.370328332280078 8.191969391326616 8.093152421945705 8.042494757184157
14947200.0 272.9856179644 272.8534885704 272.7268073024 272.575706913 272.2235151581 271.8702315017 271.6043145473 7.237274410162523 7.016714797167651 6.911939180052704 8.376174488325894 8.196148862436127 8.096192976449434 8.044919859163723
15033600.0 272.9868020433 272.8567696016 272.7320528277 272.5830958009 272.2346484834 271.8836204716 271.6185004027 7.240400818132294 7.020301053378115 6.915304963100411 8.381627639447453 8.200186524039136 8.099189630464018 8.047316469291529
15120000.0 272.9873306117 272.8596556065 272.7368635327 272.5899502743 272.2452167551 271.8965678104 271.6323109217 7.241807442496002 7.02350565766611 6.918447929174854 8.386779969183749 8.204086552512136 8.102132518692946 8.049681544456284
15206400.0 272.9884642009 272.8623300316 272.7412430086 272.5962987786 272.2552647352 271.9090689292 271.6457429977 7.244847393324568 7.026518273941664 6.92135727673365 8.391633243754702 8.207857231224224 8.105017126888526 8.052012664625856
15292800.0 272.9896743349 272.8651273613 272.7455340595 272.6023285553 272.2648332832 271.9211323822 271.6587990802 7.248128129271602 7.029714621186399 6.924253592407722 8.396322166692677 8.211506456521576 8.107841945749376 8.054308342592604
15379200.0 272.9906166168 272.8677263892 272.7496184359 272.6080853521 272.2739792775 271.932770391 271.6714820419 7.250708536907953 7.032726861535705 6.927053550317102 8.400871037170814 8.215049497417581 8.110606434991352 8.056567170037932
15465600.0 272.9913224072 272.8700736365 272.7534407987 272.6135534053 272.282745039 271.9440044574 271.6838002882 7.252656357552033 7.035483266050978 6.929712978742017 8.405257363421747 8.218497001335923 8.113312450561043 8.05878875238673
15552000.0 272.991908658 272.8722185724 272.7570152956 272.6187350426 272.2911542051 271.9548561442 271.6957647447 7.2542841835961465 7.038032583358361 6.932234980203785 8.409474181062746 8.221853023279403 8.11596213354084 8.060973219377809
15638400.0 272.9922317543 272.874151178 272.7603594527 272.6236488075 272.2992254102 271.9653447001 271.7073879395 7.25518519150316 7.040354959007938 6.934625818219209 8.413528512421507 8.225120149697561 8.118557318206893 8.063121083785154
15724800.0 272.9931026913 272.876090541 272.7635326593 272.6283103636 272.3069751652 271.9754864366 271.7186816905 7.2576277924257795 7.042710119302956 6.936923072652552 8.417426101385438 8.228300523096637 8.121099336018704 8.06523282473466
15811200.0 272.9940860059 272.8781987423 272.7667325792 272.6328325191 272.3144272431 271.9852989882 271.729660078 7.260410124474759 7.045298857250548 6.939268497663047 8.421259481068217 8.231399791994876 8.123590055843346 8.067309445897024
15897600.0 272.9949920804 272.8802539775 272.769866757 272.6372345399 272.3216170206 271.9947978456 271.7403337731 7.262997304717677 7.0478517147430955 6.941594386007158 8.425040097423846 8.234429130655293 8.126031007507788 8.06935140874912
15984000.0 272.9957944662 272.8822096532 272.7728936038 272.6415010623 272.3285709556 272.0040022127 271.7507150356 7.265307426990677 7.050308144727737 6.943868091741881 8.428750543930603 8.237396495803042 8.128424879305399 8.071359568260599
16070400.0 272.9964298349 272.8840340441 272.7757909305 272.6456208065 272.3353036891 272.0129300262 271.7608162352 7.267149525960827 7.05262405795659 6.946070295678297 8.432376912877746 8.240305211875446 8.130774255304619 8.07333489898538
16156800.0 272.9973576718 272.8858575047 272.7785881615 272.6495924314 272.3418245778 272.0215973133 271.77065038 7.269860199419934 7.0549627243831 6.948220821244555 8.435914387939881 8.243156574596231 8.133081421435817 8.07527860084028
16243200.0 272.9978319998 272.8875989335 272.7813326283 272.6534588085 272.3481419174 272.0300139696 271.7802290762 7.271255514655733 7.057218900541556 6.950354524507986 8.439399270474464 8.245951679907417 8.135347191516475 8.077191695731882
16329600.0 272.9979433852 272.8889811909 272.7838256981 272.6571540065 272.3542697706 272.0381947215 271.7895624451 7.27158411998667 7.059025788851568 6.952313533915247 8.442764870058056 8.248694316537232 8.137573814495315 8.079074995649746
16416000.0 272.9986083181 272.8904174824 272.7861969434 272.6606689194 272.3602061538 272.046151973 271.7986615346 7.273553318506507 7.060918579289069 6.954195470302178 8.445999861990083 8.251381141672974 8.139763066371616 8.080929580988979
16502400.0 272.9996637271 272.8921277366 272.7886582323 272.6641116294 272.3659545919 272.0538931323 271.8075361494 7.276705695943873 7.063193000347467 6.956168430385474 8.449204977057695 8.25401149694226 8.141915467409017 8.082756360830393
16588800.0 272.9999890858 272.8936787635 272.7910955374 272.6675153982 272.3715398531 272.0614257931 271.8161944662 7.277684205050698 7.065275321729072 6.958142130924732 8.452408646627841 8.256594822641292 8.144031672021018 8.084555979490652
16675200.0 273.000153261 272.8948849731 272.7932807202 272.6707717913 272.3769779068 272.0687601528 271.8246432752 7.278179167718386 7.066907820549388 6.959928836350508 8.455501638276566 8.259136680731645 8.146113161036794 8.0863288509256
16761600.0 273.0005942025 272.8961435478 272.7953844267 272.6738863729 272.3822620416 272.0759081809 271.8328929604 7.2795125730850145 7.068623579764225 6.961664502472459 8.458488431727982 8.261632006714528 8.148162038826463 8.088076204645068
16848000.0 273.000858194 272.897352162 272.7974367847 272.6769073677 272.3873927734 272.0828759396 271.8409512527 7.2803137111446965 7.0702832829124 6.963372752283386 8.461413739249137 8.264079291076902 8.15017882335434 8.089798779242946
16934400.0 273.0012897827 272.8985393566 272.799414602 272.6798292002 272.3923790709 272.0896687125 271.848824598 7.281628049563127 7.0719252079149575 6.965033132225011 8.464269088310395 8.26648114630169 8.152163868692742 8.09149709242379
17020800.0 273.0016915907 272.899752703 272.801376747 272.6826796402 272.3972282641 272.0962929813 271.856519431 7.282856849051639 7.073615360171387 6.96669429784542 8.467080934930662 8.268839519130038 8.154117940113522 8.093171706887771
17107200.0 273.0020532211 272.9008989994 272.803275042 272.6854563575 272.4019495271 272.10275403 271.8640402504 7.283967055699385 7.075223444787578 6.968314809297501 8.46984448153512 8.271157431507879 8.156041513721695 8.094822805585325
17193600.0 273.0028492937 272.9021784734 272.8051781449 272.6881704734 272.4065510868 272.1090610606 271.8713958102 7.286425406159218 7.077031518649364 6.969952839388238 8.472570221189489 8.273437549023935 8.157936303776236 8.096451550176898
17280000.0 273.0034492941 272.9035124382 272.8071323371 272.6908697068 272.4110418437 272.1152195784 271.8785905845 7.28829148951592 7.078931565772016 6.97164901496742 8.475306842847004 8.275683096325695 8.159802996563743 8.098058206749469
17366400.0 273.0038257575 272.9046698741 272.8089913398 272.6935166172 272.4154353592 272.1212369043 271.8856305429 7.289468203705375 7.080592713201315 6.973276082817007 8.478012836260419 8.277899811812006 8.1616428931089 8.099643411389271
17452800.0 273.0040846226 272.9057376443 272.8107628098 272.6960830967 272.419733502 272.1271209618 271.8925219166 7.290279981219162 7.082135631484582 6.974838966889477 8.480657848527645 8.280087545641782 8.163457556968554 8.101207902675757
17539200.0 273.0043594461 272.9067242308 272.8124421681 272.6985614295 272.4239328232 272.1328766864 271.8992694964 7.291144170267331 7.083570259743661 6.976331930878796 8.483232061728891 8.28224346283613 8.165247699890262 8.102752132696072
17625600.0 273.0044455961 272.9076410342 272.8140572063 272.700961544 272.4280324434 272.1385095181 271.9058806008 7.291415574543332 7.0849112589683765 6.97777826087253 8.485744658400025 8.284366038811317 8.167014242196524 8.104277172676882
17712000.0 273.0045693638 272.9084590565 272.8155688547 272.7032701154 272.4320320235 272.1440207954 271.9123576771 7.291805910949169 7.086114211878085 6.979141482750587 8.48817895290647 8.286454042037175 8.16875685653147 8.105783008682726
17798400.0 273.004994919 272.9093830612 272.8170751841 272.7055103669 272.4359322494 272.1494151442 271.9187072075 7.2931518297347475 7.087480389766998 6.980509133125129 8.490559510373657 8.288506758418718 8.17047627997374 8.107270592134741
17884800.0 273.0052908891 272.9103364901 272.8186027572 272.7077217909 272.4397383755 272.1546941222 271.92493159 7.29409140339538 7.08889834660621 6.981905583565266 8.49292839167995 8.290526018609935 8.172172305747443 8.108739951894776
17971200.0 273.0053922121 272.9111638014 272.8200590796 272.7098845182 272.4434604267 272.1598612732 271.9310341756 7.294413721479487 7.0901356131069955 6.983245919260618 8.495261571681002 8.292516291834039 8.173845387642581 8.11019136028878
18057600.0 273.0059031904 272.9120501406 272.8214779615 272.7119842381 272.4471011848 272.1649212719 271.9370185689 7.296044369561452 7.0914683105691685 6.9845603587818506 8.49754259828749 8.29447818438702 8.175496384582885 8.111625173337245
18144000.0 273.0064538236 272.9130831399 272.8229730861 272.7140736859 272.4506618232 272.1698740897 271.9428877518 7.2978113026522635 7.09303095344689 6.985954674940693 8.499830909883714 8.296411541271148 8.177124649153853 8.113041620708314
18230400.0 273.0068154894 272.9140409051 272.8244494656 272.7161512484 272.4541530737 272.174728366 271.9486455788 7.298977397815961 7.094488946109643 6.987340924642262 8.502122895039774 8.298321546737819 8.178732414954519 8.114441164864967
18316800.0 273.0070893724 272.9149152547 272.8258655523 272.7181867866 272.4575816676 272.1794884741 271.9542956468 7.299863404494369 7.095827728785139 6.988679451482159 8.504383603863788 8.300211229722347 8.180320570886456 8.115824231048029
18403200.0 273.007344018 272.9157418312 272.8272281685 272.7201704145 272.4609470179 272.1841590162 271.9598423682 7.300689466421594 7.097100248472721 6.98997574370698 8.506601248379255 8.302079609816674 8.181890124680262 8.117191470159472
18489600.0 273.0075510414 272.9165286599 272.8285465705 272.7221036543 272.4642471809 272.188742695 271.9652889502 7.301362675374878 7.098317849114541 6.991237811173768 8.508776821929148 8.303924965820558 8.183441482378823 8.118543262463742
18576000.0 273.0078130455 272.9172982955 272.8298258191 272.723987379 272.4674816671 272.1932414986 271.9706383939 7.302216780384212 7.099514813394634 6.992469842357059 8.510910409906048 8.305746390134756 8.184974830612456 8.119879957487418
18662400.0 273.0080433254 272.9180640268 272.8310865088 272.7258319418 272.4706518457 272.1976583039 271.9758948846 7.302969419183837 7.100711613381081 6.9936912449728625 8.513013412917184 8.307544036650635 8.186490680173305 8.121202223334135
18748800.0 273.008381481 272.9188350615 272.8323245572 272.7276390886 272.4737600521 272.2019947338 271.9810606462 7.304077960784062 7.101922705767462 6.994897781002326 8.515086952461747 8.309318649436209 8.187989133540164 8.122510257091822
18835200.0 273.0086353879 272.9196134128 272.8335625924 272.7294210118 272.4768089733 272.2062527676 271.9861378864 7.304912931715282 7.103151452059405 6.99611137787886 8.517145051967242 8.311071207417958 8.189470432142379 8.123804265873085
18921600.0 273.0089895767 272.9203733584 272.8347696583 272.7311705802 272.4798022713 272.2104346301 271.9911288328 7.30608144371526 7.104357164689344 6.997301493696603 8.519178193422128 8.312803302677853 8.19093492167752 8.125084475930748
19008000.0 273.0092626602 272.9211494241 272.8359806697 272.7328977491 272.482742056 272.2145429499 271.9960359485 7.306985389512131 7.105594646169028 6.998502388677966 8.521198267613615 8.31451564960431 8.192383110657648 8.126351188702744
19094400.0 273.0095465481 272.9218760253 272.8371523912 272.7345940978 272.4856312562 272.2185801852 272.0008616442 7.307927893025132 7.106758972989779 6.999670953052281 8.523194041453435 8.316209496472178 8.193815470622795 8.127604707440488
19180800.0 273.0096701964 272.9225653558 272.8382986829 272.7362585742 272.4884707527 272.2225486629 272.0056081465 7.30833929722924 7.1078687297995335 7.000820526385171 8.525164006953416 8.317884888156815 8.195232448109014 8.128845302372639
19267200.0 273.0103721919 272.9233489116 272.8394311865 272.7378858998 272.4912608854 272.226450547 272.0102778321 7.310685334803395 7.10913632338663 7.001962516727477 8.527101153229589 8.319541566262926 8.196634451549908 8.130073297256954
19353600.0 273.0103233726 272.9241332837 272.840634774 272.7395281993 272.4940034563 272.2302875593 272.0148728463 7.310521611117507 7.110411838259058 7.003183053372479 8.529070200162835 8.32118019915871 8.198021747960855 8.13128896918159
19440000.0 273.0099114552 272.9244532968 272.8415890378 272.7410931741 272.4967052472 272.2340616909 272.0193951269 7.309143584524555 7.110934141012301 7.004155829073393 8.530952759230779 8.322804502321029 8.199394717750602 8.13249255319261
19526400.0 273.0104396717 272.9250120659 272.8425169967 272.7425634325 272.4993553736 272.2377754036 272.0238468403 7.310911781591606 7.111848794521373 7.005106129306596 8.532729555371724 8.324407290333513 8.200753931325437 8.133684357539343
19612800.0 273.0106453315 272.9257370636 272.8435788665 272.7440486271 272.5019476605 272.2414285249 272.0282299091 7.311602942334665 7.113040640432288 7.006198856253843 8.534538191146181 8.325984363701334 8.202099007651267 8.134864637899263
19699200.0 273.011161105 272.9264056187 272.8445978409 272.7455233312 272.50449439 272.2450206107 272.0325455418 7.313343052352445 7.114144831998734 7.007252795132214 8.536343418630029 8.327542926331681 8.203429462849622 8.136033467687286
19785600.0 273.0118152748 272.9272868753 272.8457236045 272.7470137972 272.5070014551 272.248553746 272.036794885 7.31556408115634 7.115607912557051 7.008423337557159 8.538180399310969 8.329086211068809 8.204745754183538 8.137190910606318
19872000.0 273.0119435969 272.9280195767 272.8468369214 272.7485222641 272.5094769898 272.2520307398 272.040979471 7.316001609541717 7.11683098638394 7.009587344663086 8.540050482268654 8.330619015444244 8.206048629001664 8.138337143141738
19958400.0 273.0117985197 272.9285058354 272.8478092113 272.7499809562 272.5119250106 272.2554551133 272.0451012013 7.315506997578755 7.11764602969287 7.010609161227088 8.54186589013379 8.332143550766052 8.207339129101198 8.139472452945135
20044800.0 273.012059778 272.9290047835 272.8487047935 272.7513669209 272.5143370366 272.2588298253 272.0491623283 7.316398268518537 7.118485137227826 7.011554735678735 8.54359784211386 8.333654106352382 8.20861811193873 8.14059723647245
20131200.0 273.0126582197 272.9297343051 272.8496879362 272.7527392601 272.5167054142 272.2621554885 272.053164974 7.318449401343 7.119717140525302 7.012597624821431 8.545323755171108 8.33514550727902 8.209885563511454 8.141711867220025
20217600.0 273.0129805056 272.9304767923 272.8507273352 272.7541350623 272.5190357303 272.2654316353 272.0571105684 7.319559584910855 7.120977340598739 7.013705772680355 8.54709048647917 8.336621069526768 8.211141061541698 8.14281653702774
20304000.0 273.0129772877 272.9310238678 272.8516856456 272.7555139388 272.5213370058 272.2686595237 272.0610001786 7.319548480805812 7.121909972808193 7.014732595930058 8.548843605429383 8.338086304818344 8.212384867758304 8.143911343511169
20390400.0 273.0131180643 272.9315213301 272.8525680046 272.7568407229 272.5236077983 272.2718364568 272.0648345331 7.320034629274894 7.122761065595248 7.015682422512378 8.550537228372617 8.339539960087832 8.213615610612667 8.144996294520736
20476800.0 273.0129401158 272.9319513886 272.8534155496 272.7581290445 272.5258421006 272.2749715176 272.0686152137 7.319420238944889 7.123499185415542 7.016598761420837 8.552189500761198 8.340977833391959 8.214836618654926 8.146071645300985
20563200.0 273.0130772202 272.9323226297 272.854176866 272.7593586568 272.5280376434 272.2780626088 272.0723441229 7.319893503888144 7.124138113877411 7.0174252278803735 8.55377210909514 8.3423981306014 8.216046877347896 8.14713775213217
20649600.0 273.0132522163 272.9328351984 272.8549933272 272.7605677048 272.5301911794 272.28110925 272.076022362 7.32049859894944 7.125022966905414 7.0183151110818995 8.555336954761804 8.343798380766914 8.217245981615562 8.148194751564493
20736000.0 273.0136455117 272.9333846479 272.8558210746 272.7617708339 272.5323064727 272.2841108783 272.0796505647 7.321862770028686 7.125974973291421 7.01922107457506 8.556902094251681 8.345180788351508 8.218433489746609 8.149242650928866
20822400.0 273.0137544287 272.9339823893 272.8567012595 272.762985433 272.5343893127 272.2870680567 272.0832293045 7.3222415997922 7.127014775261148 7.020188634857794 8.558491179323411 8.346548903626825 8.21960940411252 8.150281443524525
20908800.0 273.0130123709 272.9341181343 272.8573974754 272.7641587228 272.5364452709 272.2899823233 272.0867592491 7.319669565006497 7.127251512156379 7.020957054171787 8.560030040540061 8.34790618476637 8.220774122439156 8.151311153417444
20995200.0 273.0132963275 272.9343559454 272.8579827824 272.765228724 272.5384676835 272.2928557102 272.0902415667 7.320651308676354 7.1276667892759775 7.021605187469471 8.561435520010319 8.349247795356899 8.221928253802869 8.15233195553446
21081600.0 273.0134040038 272.9348260132 272.8587086164 272.7663002791 272.540445848 272.2956882045 272.0936773797 7.321024385886763 7.128489668663942 7.02241164357987 8.562852844622771 8.350566234098759 8.223071595872495 8.153344017784177
21168000.0 273.0129085378 272.935082158 272.859376909 272.7673674124 272.5423874293 272.2984783093 272.0970671219 7.319311337102787 7.128939200065478 7.0231568367337065 8.564269974297506 8.351866481469095 8.224203342844529 8.154347310140649
21254400.0 273.0123420023 272.934938045 272.8597994516 272.7683392246 272.5442951366 272.3012258017 272.1004102668 7.317363913986103 7.128686184497351 7.023629329032804 8.565559971484179 8.353150019639155 8.225323197894124 8.15534151867839
21340800.0 273.0129696503 272.9353899182 272.8603719508 272.7692654394 272.5461599461 272.3039334955 272.1037097283 7.319522128254079 7.129480379977674 7.024271153584495 8.566795780977921 8.35441026811763 8.226432109132931 8.156327356895908
21427200.0 273.0127632653 272.9357107635 272.8610130612 272.7702375389 272.547983164 272.3065988358 272.1069643544 7.318810824699491 7.130045810227402 7.0249921601398 8.568101714540836 8.355647946550603 8.227528832745254 8.157304331169048
21513600.0 273.0103310925 272.9357151064 272.8615637119 272.7711894286 272.5497778779 272.3092216767 272.1101739489 7.310547496354014 7.130053472400948 7.025613351848157 8.569383633445877 8.356871809861634 8.228613103649465 8.158272230479232
21600000.0 273.0076270513 272.9330141775 272.8605876947 272.7716066032 272.5515159856 272.3117998148 272.1133349885 7.301610218006518 7.1253326787729625 7.024513516351569 8.569911203952495 8.358061718653705 8.229683799696987 8.15922983251284
21686400.0 272.9901690565 272.9254661102 272.8570850491 272.7707209352 272.5529907779 272.3143002998 272.116435855 7.2494800654394576 7.112594536353269 7.020611887791436 8.568622294092584 8.35907203328015 8.230726927433343 8.160173427247909
21772800.0 273.0087548638 272.9299033732 272.8572494253 272.7702374974 272.5543345587 272.3167605445 272.1195092297 7.305306607483815 7.120003533747404 7.020793420510863 8.567940946490888 8.359994145363821 8.23175780042499 8.16111281267031
21859200.0 273.0104984353 272.9336370683 272.8598097866 272.7713304114 272.5555611678 272.3191296706 272.1225283511 7.311109113430814 7.126413545861845 7.023640898693876 8.56947117592304 8.36083914834975 8.232754773537962 8.16203967423053
21945600.0 272.9932935149 272.9270660224 272.8579738442 272.7716395051 272.5568870673 272.3214066338 272.1254718149 7.258165690174657 7.11524043363862 7.021595275130756 8.56985106674112 8.36175850508436 8.233716948177918 8.162947210114998
22032000.0 273.0076232674 272.9301366278 272.8582376872 272.7717658695 272.5581830714 272.3236433255 272.1283671259 7.30159789052698 7.120399197834923 7.02188806296166 8.570002415809336 8.362659236028557 8.234665934825367 8.163843683855106
22118400.0 273.0114262569 272.9338787557 272.8605937258 272.7729093078 272.5594563047 272.3258365986 272.1312106402 7.314241398040776 7.126834190181303 7.024520295465887 8.5715995100963 8.36354736189334 8.235600210171315 8.164727798736209
22204800.0 273.0132802997 272.9362231249 272.8627145506 272.7745152868 272.560848862 272.327991392 272.1340032627 7.320595813576632 7.130951390024529 7.026917380808406 8.573835192308392 8.364524756048619 8.236521695832664 8.165599663230742
22291200.0 273.0141722649 272.9377715674 272.8644350325 272.7761580331 272.5624004673 272.330134378 272.1367502872 7.323699122437194 7.133708108027325 7.028881561029294 8.576122591331522 8.365619574976312 8.23744169578719 8.166460770102255
22377600.0 273.0142339106 272.9386920152 272.8657723172 272.7776924639 272.5640644929 272.3322905787 272.1394618192 7.323914728101102 7.135361137173167 7.0304205685934695 8.578262868252931 8.366798908682108 8.238370979159354 8.167314157026386
22464000.0 273.006156362 272.9377997277 272.8664640131 272.7790056738 272.565782534 272.3344707609 272.1421481643 7.296855516498939 7.133758521509776 7.03122087234151 8.580093218107498 8.368021444468473 8.239314304291106 8.168162976067896
22550400.0 273.0112365409 272.9370620703 272.8660747414 272.7796862744 272.5674739284 272.3366672237 272.1448184951 7.313598371256815 7.1324412462659295 7.030770118623546 8.581014292506783 8.369229126683672 8.240268467334726 8.169010070537128
22636800.0 273.0130667188 272.9385525615 272.8670375027 272.7805537293 272.5690807629 272.3388642603 272.1474757929 7.319857230431173 7.135109999037285 7.031886633399018 8.582233134048987 8.370380025381111 8.241226714353632 8.169856353719108
22723200.0 273.0133701129 272.9394743573 272.8680787591 272.7816356492 272.5706453368 272.3410452731 272.1501177148 7.320906913781582 7.1367746575230235 7.033100610937608 8.583766539996692 8.371505325992453 8.24218179146635 8.17070104800354
22809600.0 273.013693242 272.940058808 272.8689258214 272.7827136692 272.5722127711 272.3432026551 272.1527387806 7.322028728359296 7.137835783502678 7.034093154033713 8.585295767788093 8.372637697669528 8.24313028889589 8.171542354850049
22896000.0 273.0131435572 272.9404815971 272.8696920516 272.7837519809 272.5737808585 272.3453433605 272.1553374098 7.320122745931077 7.138606163587659 7.034994855108726 8.586772704042511 8.373775223317114 8.244075183631043 8.172379707051203
22982400.0 273.01354432 272.9407011152 272.8702484341 272.784692287 272.5753379635 272.3474695621 272.157914679 7.321511217606055 7.139007076237635 7.0356519273486136 8.588110405069889 8.374909231946711 8.24501737795566 8.173213390613464
23068800.0 273.0137670305 272.9411768088 272.8709113809 272.7856114585 272.5768707168 272.349579617 272.1604700354 7.322285461013808 7.139878018311749 7.036437413206909 8.589425346270692 8.376029742001476 8.245956088044533 8.174043166536695
23155200.0 273.0145901279 272.941817784 272.8716326443 272.786537919 272.5783818349 272.3516725554 272.163005127 7.325163480203966 7.141056290269616 7.037295179887941 8.590757413691776 8.377138715629972 8.246890819811714 8.174869511584925
23241600.0 272.9969824988 272.9370974367 272.8706292711 272.7870727651 272.5798612186 272.3537438747 272.1655162255 7.268761166665061 7.132504245708687 7.036102816550198 8.59149794303824 8.378228343615131 8.247819485083394 8.175691148231824
23328000.0 273.011018156 272.9382505213 272.8699612854 272.7870305906 272.5812380453 272.3557900856 272.1680046136 7.312859804301063 7.134566914743994 7.035312568171188 8.591393964821986 8.379244597754578 8.248740421378743 8.176508429053703
23414400.0 273.0096875524 272.9403265796 272.8712854311 272.7876766638 272.5825039623 272.3578009025 272.1704694175 7.308397089922321 7.138323429959364 7.036881838904206 8.592344238986776 8.380181298019927 8.249648866050592 8.177321000762328
23500800.0 272.9640573667 272.9221773988 272.8648330705 272.7866154583 272.5836968699 272.3597604534 272.1729018699 7.185677683913266 7.107243536174322 7.0293385092538445 8.590681747099485 8.38106641641299 8.25053744943817 8.178125888740377
23587200.0 272.9240297026 272.8949552771 272.8489478498 272.7798878009 272.5840058614 272.3615741095 272.1752755131 7.110278922876184 7.06700332809956 7.011812087213442 8.580789794022571 8.381280750187896 8.251362794832305 8.178914190046312
23673600.0 272.9928145569 272.911103938 272.8475125891 272.774916345 272.5837916103 272.3632837877 272.1776135012 7.256817456586188 7.090045870315948 7.01029690738448 8.57380579798518 8.381099246459993 8.25214340778015 8.179693441152752
23760000.0 272.9961328812 272.9247907146 272.8558819351 272.7761535224 272.5832430211 272.3647703322 272.1798758834 7.266287162933026 7.111486055974355 7.019287836773195 8.575705259728784 8.380673345760687 8.252824191050978 8.180450145601407
23846400.0 272.9498334475 272.905275963 272.848824879 272.7745684994 272.5830928852 272.3660133394 272.1819857719 7.156303884502883 7.081467267415549 7.011681844980489 8.573424467292886 8.380554294445256 8.253394913654258 8.181158209854102
23932800.0 272.9850250393 272.910191711 272.847685431 272.7730623267 272.5829534318 272.3671859315 272.1840189747 7.235721533737695 7.08868248420161 7.010478801867349 8.571326018613735 8.380442520095968 8.253934538166632 8.181842710155516
24019200.0 272.9570457261 272.9065841328 272.847681919 272.7729224107 272.5829254892 272.3682939081 272.185962461 7.1707920108062115 7.083366007652867 7.010475104412577 8.57115152145015 8.380415777094104 8.254445530577913 8.18249900890724
24105600.0 272.9008267463 272.8763394954 272.8331528293 272.7677385636 272.5826543219 272.3693392908 272.1878246037 7.075155950674506 7.043014261318867 6.995708915791159 8.56392394581365 8.380203216667992 8.254928641873336 8.183129683938734
24192000.0 272.8488243118 272.8388582027 272.8093958369 272.7559139854 272.5810611074 272.3701703691 272.1895820451 7.0117489668195585 7.001419981023011 6.973631876885244 8.548146298891103 8.378992978447695 8.255313400698759 8.18372656285951
24278400.0 272.8047411494 272.8022384824 272.7827299209 272.7400586419 272.5778080912 272.3706221188 272.1912020907 6.969638767843203 6.96746236719406 6.9514500350074755 8.52821254741935 8.376551630235918 8.255522799776218 8.184278216282264
24364800.0 272.8266761453 272.7991808282 272.7710512476 272.7277329218 272.5734001364 272.3705846069 272.1926286384 6.989514965826597 6.964870077722136 6.942480906224314 8.513617244257455 8.373289465828131 8.255505405078235 8.18476512736481
24451200.0 272.7831265691 272.7730161673 272.7520983682 272.7138306761 272.56801626 272.3700067767 272.1938098051 6.951823521358525 6.943993467916486 6.928774610870291 8.497881579877406 8.369364713826268 8.25523761531592 8.185169100579515
24537600.0 272.966604648 272.8522168587 272.7773370184 272.7115988985 272.5623831796 272.3691133808 272.1948381742 7.191295808160511 7.015340746983206 6.947255943105315 8.495661694744665 8.365324482446248 8.254824158882634 8.185521418978427
24624000.0 272.9849874986 272.8910895011 272.809289647 272.7257786474 272.5587355788 272.367785587 272.1955820114 7.235623495965936 7.0618095910724525 6.97353841128405 8.51195710663577 8.362763270145397 8.254210962383166 8.185776608149341
24710400.0 272.9198200177 272.8717629302 272.8100446112 272.7329657679 272.5586384484 272.3666469083 272.1960555923 7.103514230953209 7.03748857483045 6.974203861849767 8.520331037648518 8.362721123908127 8.253686331850028 8.18593923405557
24796800.0 272.8667335142 272.8386855895 272.794091625 272.7293422307 272.5588050093 272.3660218913 272.1964777091 7.031603311491621 7.001245990284498 6.960596051492195 8.515882978501319 8.3628475989089 8.253398844897468 8.186084288460956
24883200.0 272.8183522152 272.8032589567 272.7720219621 272.7194192596 272.5577466299 272.3655925518 272.196919195 6.981740424878653 6.968335151012954 6.943210532816484 8.50433454172207 8.362099180018037 8.253201560094109 8.186236100781045
24969600.0 272.934075338 272.8487893116 272.7873929685 272.7210680748 272.5566851097 272.3652483954 272.1973834491 7.127213581657504 7.011680805065957 6.955151690390615 8.506326117375465 8.361354237656807 8.253043533332693 8.186395855010542
25056000.0 272.8685098984 272.8292469072 272.7813619604 272.7190458438 272.5556355607 272.3649487788 272.1978628629 7.0336752858409035 6.99194686886557 6.950377457392256 8.504021488190928 8.360620215829286 8.252906041726744 8.18656094717115
25142400.0 272.8119746429 272.7947304871 272.7622488167 272.7104591997 272.5538374477 272.364599552 272.1983372429 6.975979107162689 6.961157034971466 6.93599023382038 8.494394214040717 8.35936201994759 8.252745882690613 8.186724427416888
25228800.0 272.7694371424 272.7610286556 272.738873671 272.697177201 272.5506746456 272.3640395766 272.1987647909 6.94133412015965 6.935140174637698 6.9197775198961855 8.480125171090513 8.357161297041154 8.25248929267632 8.186871872184428
25315200.0 272.7290610659 272.727629334 272.7134441925 272.6806473022 272.5458540035 272.3630854163 272.1990822425 6.913434885290691 6.912493414413229 6.903640581533985 8.46328252365945 8.353843564800622 8.252052705301221 8.18698141262682
25401600.0 272.754134217 272.7288903286 272.7047626366 272.6691881844 272.540158137 272.3616588341 272.1992269843 6.930258627695076 6.913299192028346 6.898450640916447 8.452183424957163 8.349982214977622 8.251401419582807 8.187031375498655
25488000.0 272.9272771984 272.8074735479 272.7352085673 272.672311075 272.5348865884 272.3599345918 272.1992331842 7.1156279650249195 6.971981000715344 6.917360526747832 8.455366545359414 8.346466447593077 8.250616572943658 8.187033515869118
25574400.0 272.9374580249 272.8555125336 272.7745590271 272.6907704395 272.532255846 272.3580106567 272.1990518276 7.133184491855499 7.018919963240242 6.945130833892358 8.47401379266386 8.344749812575545 8.249743825748041 8.186970915246256
25660800.0 272.8655730659 272.8252851805 272.7700761058 272.697875666 272.5332924289 272.3565412461 272.198730488 7.030260259361193 6.988165074839286 6.941750769229354 8.481284842019003 8.3454588948529 8.249079379888803 8.186860038808245
25747200.0 272.7946122225 272.7801915482 272.7461764972 272.6905296443 272.5336994643 272.3557207363 272.1984854137 6.961087951908863 6.949497548247919 6.924691184882664 8.473479550231598 8.345732583899613 8.248709151723403 8.186775514654855
25833600.0 272.7384445999 272.7363150769 272.7168956718 272.6759092596 272.5319870154 272.3550157306 272.198323985 6.919550836980475 6.918118088958157 6.905747141869335 8.45874688404809 8.34459408109574 8.248391494222709 8.186719856869354
25920000.0 272.7072747539 272.7048349824 272.6909868277 272.6589315811 272.5280328592 272.3540635368 272.1981763367 6.899992573750159 6.8985233855296455 6.890519505081836 8.442579896159746 8.341989464373539 8.247963123387105 8.18666896258245
26006400.0 272.6399772469 272.6564496115 272.656122582 272.6365688066 272.5216051364 272.3525526559 272.197931839 6.86405708325366 6.872144993189886 6.871951408751331 8.422560788428337 8.337815242449771 8.247284970767732 8.186584710139291
26092800.0 272.5855531535 272.6098690367 272.6189429087 272.6104026741 272.5126002301 272.35022549 272.1974620379 6.839828363926417 6.850177074916564 6.85420108410952 8.400773851921974 8.332082197739785 8.246244155331857 8.186422909595278
26179200.0 272.5492269873 272.5731883822 272.5856618598 272.5837745852 272.5013612591 272.3469132871 272.1966414734 6.825522828365297 6.8347850638018395 6.8398237509119 8.380189966410866 8.325104392443336 8.24477051536484 8.186140589384596
26265600.0 272.5206280973 272.5431574129 272.5565595395 272.5583075167 272.4884872778 272.3425585418 272.1953668117 6.8151429231834815 6.823236766111548 6.82825604344045 8.361818926637833 8.317339736673048 8.242846709211962 8.185702748972444
26352000.0 272.495519417 272.5169102626 272.5305082228 272.5343451274 272.4745658811 272.337200102 272.1935680571 6.806596459730495 6.813823995901241 6.818600292864028 8.345579166634792 8.309201133450737 8.24050053121113 8.185086359559087
26438400.0 272.4719635606 272.4927252231 272.5064480748 272.5117032259 272.4600408337 272.3309377037 272.1912108301 6.799014079725271 6.805654716999824 6.810208500578202 8.331075636038442 8.300977976857228 8.237787490061972 8.184281195931163
26524800.0 272.4506407833 272.4705675896 272.4841518154 272.4903058807 272.4452279923 272.3238985436 272.1882917243 6.792483506388644 6.798556434329914 6.8028415589347615 8.318055126610684 8.292857633822702 8.234774461514652 8.183288173855818
26611200.0 272.4276947806 272.4481416429 272.4622775791 272.4695615317 272.4302784173 272.3162045086 272.1848276073 6.78578138575444 6.7917172546404485 6.795965064637255 8.306017304778779 8.284918917106774 8.231524419601786 8.182115540138998
26697600.0 272.4086382541 272.4281003224 272.4419831751 272.4498122493 272.4153326904 272.3079776576 272.1808529832 6.780453485551553 6.785876959784389 6.789872340331417 8.29505274366767 8.27722597829095 8.228098206514202 8.180777769140887
26784000.0 272.3698702712 272.3970922971 272.415912022 272.4277511443 272.4000404136 272.2992724066 272.1764019495 6.770223515270276 6.777304615237932 6.78241922976178 8.283336090279033 8.26959285804691 8.22452645858213 8.179289284323792
26870400.0 272.3269494678 272.36105379 272.3855463957 272.4028372019 272.3839394392 272.2900628501 272.1714928133 6.759751813097799 6.767983710448475 6.774223760887697 8.270728948101455 8.261802767774657 8.220806389035577 8.177659275997042
26956800.0 272.276372765 272.3188652981 272.3503038089 272.3744521002 272.3665622054 272.2802537811 272.1661200315 6.748416848929041 6.757852062801297 6.765303640122916 8.257107530441969 8.253664385475348 8.216908654564648 8.175889178964786
27043200.0 272.2567581636 272.2933995385 272.3232116639 272.3485190981 272.3484311205 272.2698105276 272.1602691853 6.744282253367822 6.752102056820167 6.758837787354139 8.245291331328781 8.245455795609546 8.212830011367206 8.173977831268337
27129600.0 272.2419258884 272.2743074002 272.3014991988 272.3258029676 272.3302765517 272.2587984295 272.1539394346 6.741245093784797 6.747956705608646 6.753880985316701 8.235395315148505 8.237510092484488 8.20860618012922 8.17192883660262
27216000.0 272.2246820703 272.2555844694 272.2814624775 272.3049885132 272.3124847535 272.2473731286 272.1471568554 6.7378063457271775 6.7440211147804305 6.749472649171054 8.226676447991006 8.229973873719615 8.20430505701623 8.169754604281962
27302400.0 272.2097512227 272.2387348104 272.2632016504 272.2857933607 272.2952403097 272.2356807208 272.139969599 6.734905589401593 6.74058349088118 6.74558586759752 8.218913594412118 8.222893688628867 8.199986272656485 8.167474346040354
27388800.0 272.1930083057 272.2214489607 272.2453215023 272.2674578829 272.2785412571 272.2238422778 272.1324360225 6.731733876171299 6.7371545681203 6.741894718218143 8.211734075081997 8.216237097767037 8.195696290851089 8.165109929079623
27475200.0 272.1769539808 272.2046959407 272.2280362678 272.2498323366 272.262340864 272.2119455912 272.1246155218 6.728769816189458 6.733921498205244 6.738428952288362 8.205038373917207 8.209958068976366 8.191466442923524 8.162682796866397
27561600.0 272.1554183672 272.1848520157 272.2091961068 272.2317806362 272.2464201275 272.2000219563 272.1165580406 6.724907037607892 6.730201381674857 6.734760745220252 8.198380388725157 8.203951149373431 8.18730618123425 8.160210694447802
27648000.0 272.1359399749 272.1656663761 272.190475862 272.2137302149 272.2306653423 272.1880878614 272.1083025419 6.721519774842253 6.72671217004868 6.731223427469798 8.191914432483635 8.198159667458102 8.183219180521624 8.157707342644503
27734400.0 272.117997735 272.147530991 272.1724111443 272.1960391426 272.2150736258 272.1761476912 272.0998787863 6.7184848861140765 6.723506488832917 6.727906767030444 8.185754129797923 8.192571509148697 8.17920475057865 8.155183149095965
27820800.0 272.101682601 272.1306455965 272.155264883 272.1789504562 272.1997019881 272.1642123326 272.0913108648 6.715793132289591 6.720599000853071 6.724842681920319 8.179962299217062 8.187196139548174 8.175264311326382 8.152646408124356
27907200.0 272.08143482 272.1116850192 272.1371441568 272.1616051378 272.1844564267 272.1522832035 272.0826177526 6.71253866588699 6.717419101240575 6.721689400644812 8.174236642201695 8.181990934548868 8.171396074937 8.150103563507239
27993600.0 272.0650967058 272.0947407148 272.120061251 272.1447411939 272.169368102 272.1403644939 272.0738149708 6.709979302159532 6.7146501791187 6.718793250214096 8.168810841354487 8.176958240484183 8.167599191231913 8.147559779658302
28080000.0 272.0442851655 272.0754715792 272.1018327944 272.1274729421 272.1543267173 272.128443265 272.0649128515 6.70680169291239 6.711581289133295 6.7157813105089055 8.163393653709557 8.172054396110441 8.163867493853626 8.145018514428752
28166400.0 272.0099223598 272.0474035526 272.0781080547 272.1073207573 272.1388051037 272.1164468652 272.0559067678 6.701746719882309 6.707255824580643 6.711976876944351 8.157242701862758 8.16710805439026 8.16017696830301 8.142478875419926
28252800.0 272.0175218144 272.0432281625 272.0674181826 272.0928442784 272.123842523 272.1044364427 272.046803407 6.702844800899183 6.706626468805107 6.710303693813534 8.152928124973332 8.1624454197069 8.156545292730238 8.139943153228197
28339200.0 272.0371612052 272.0514005943 272.0669641129 272.0853010645 272.1106633565 272.0926575242 272.0376543208 6.705734505156245 6.7078616563181805 6.710233171607172 8.150711583639401 8.158421239477061 8.153043278082748 8.137425802857065
28425600.0 271.9792489763 272.0150880534 272.0425525072 272.0679699107 272.0972149255 272.0810702353 272.0284969763 6.697423790108584 6.702475905897763 6.706505859313372 8.145718307347737 8.154392297461094 8.149654297743634 8.134936775486272
28512000.0 271.9448812528 271.9843304423 272.0165223694 272.0470276572 272.082626131 272.0694560034 272.0193177637 6.692777641733409 6.6981123160726 6.7026648344509505 8.13984065714952 8.150107393758038 8.146311731948071 8.13247190326801
28598400.0 271.9242200348 271.9621684928 271.9946813886 272.0268666499 272.067267063 272.057662064 272.0100741263 6.690079007838404 6.695073817817601 6.699542635294828 8.1343350676852 8.14568932095305 8.142971592279299 8.130019572647534
28684800.0 271.8997728004 271.9391635636 271.9729422618 272.0067715074 272.0514280239 272.0456281906 272.0007222713 6.686972685678373 6.692008407280467 6.696521698613075 8.12899130621732 8.141229662201 8.139618240253814 8.127568394495006
28771200.0 271.8685815064 271.9118478677 271.9485777678 271.9852500301 272.0350073075 272.0333108339 271.991223588 6.683139255075593 6.68848012585266 6.693233864244827 8.123421441652404 8.13670600988124 8.136241612722339 8.125108860400266
28857600.0 271.838320629 271.8841459933 271.923333134 271.9627599378 272.0179535181 272.0206678052 271.9815433666 6.679551633040341 6.68501925112626 6.689931126111278 8.117761862612094 8.132111597848626 8.132832735618122 8.122632926186762
28944000.0 271.8135469223 271.8595995937 271.8996637541 271.940677325 272.000491107 272.0076951007 271.97165591 6.676705724143377 6.682046198514855 6.6869257845143935 8.112356858192214 8.127512424039505 8.129393365487553 8.120135229126248
29030400.0 271.7939131175 271.8388204369 271.8785296634 271.9199377975 271.9829893717 271.994447601 271.9615530295 6.674505885427399 6.679594964775703 6.684313584814554 8.107411482983109 8.123005764073968 8.125940475438819 8.117615049890123
29116800.0 271.782661985 271.8241215124 271.8616685753 271.9017974817 271.9659623463 271.9810504542 271.9512531969 6.673266682280839 6.677895902775905 6.68227579792324 8.10318506566598 8.11871643992422 8.122507840470199 8.11507827460659
29203200.0 271.7773563395 271.8145812156 271.8490085133 271.8866803031 271.9498776857 271.9676800671 271.9408046485 6.672687610693192 6.676808176248816 6.680771847624925 8.099731017271099 8.11474754008238 8.119139805836694 8.112537723726977
29289600.0 271.7642501136 271.801543583 271.8353663303 271.8720972655 271.9345994326 271.9544638761 271.930268564 6.671271446277519 6.675340413774125 6.679175607869313 8.096457476153693 8.111049957906575 8.11586573088577 8.110008679805684
29376000.0 271.759438421 271.7932996193 271.8247076678 271.8594182333 271.9202254972 271.9415051208 271.9197094497 6.6707565610994095 6.674423256654498 6.677945652671628 8.093655498658944 8.107633556725895 8.112707191949566 8.107506440867072
29462400.0 271.7517967819 271.784385625 271.814427642 271.8476431185 271.9066826216 271.9288716354 271.9091867427 6.669944320802238 6.673440917789858 6.67677336670458 8.091089840132964 8.104468405410849 8.109675969765066 8.105044349526173
29548800.0 271.7519208532 271.7804401398 271.8074734199 271.8380411826 271.8941457197 271.9166378186 271.8987575991 6.669957455300377 6.673009183171225 6.675987986933477 8.08902238704187 8.101583519193913 8.106784690023858 8.102634548259921
29635200.0 271.7414974139 271.7710632445 271.798074789 271.8279496473 271.8822683345 271.9048174207 271.8884672797 6.668860063302095 6.671990562200232 6.674936191463825 8.086874592903497 8.098889574735432 8.104031276274846 8.100285875498825
29721600.0 271.7280335229 271.7588947035 271.7866378824 271.8168051394 271.8706368931 271.8933511708 271.8783373143 6.667460468546974 6.670684069185851 6.673670993660017 8.084531428045736 8.096287581829236 8.10139718608063 8.098001420191595
29808000.0 271.7109937428 271.7438654349 271.7730283633 271.8042775556 271.8588980481 271.8821316871 271.868361966 6.66571739469119 6.669093898963767 6.67218604083439 8.081932386696243 8.09369706125196 8.098854097912822 8.09577808337446
29894400.0 271.7036185482 271.7342192692 271.7622015505 271.7928125264 271.847283452 271.871106408 271.8585278102 6.664972523164349 6.668086656404977 6.671020347589704 8.079584436279813 8.091168146848203 8.09638737022419 8.093611223182263
29980800.0 271.6817233132 271.7164526016 271.7469203779 271.7792888919 271.8354118087 271.8601901024 271.8488090247 6.662794334719116 6.6662581580753955 6.669398084940466 8.07685347151529 8.088617735145663 8.09397593417487 8.091493718151678
30067200.0 271.6472974757 271.6891985218 271.7248756499 271.7615977032 271.8225204249 271.8491982709 271.8391529123 6.659466339821975 6.663518348709902 6.667103932620517 8.073341854064973 8.085886953836656 8.091578238201876 8.089412996009587
30153600.0 271.6223483902 271.665679836 271.7034786866 271.7429179518 271.8086513587 271.8379761304 271.8294902562 6.657125114797276 6.6612149675117855 6.664927539212124 8.069704845602294 8.082992825599588 8.08916113885704 8.087353519221603
30240000.0 271.5974797324 271.6425491132 271.6821329913 271.7237677428 271.7940223986 271.8264438008 271.8197555221 6.654847831570952 6.659002369580152 6.662803954591431 8.066049611465784 8.079987932172495 8.086709000220754 8.085301181868257
30326400.0 271.5833535262 271.6261536837 271.6647994474 271.706461889 271.7792398282 271.8146410985 271.8099100861 6.653578479641558 6.6574646506400885 6.661113311665805 8.062807553489986 8.07699988165299 8.084232001264883 8.083248062017345
30412800.0 271.5635249906 271.6074917901 271.6468614569 271.6892891149 271.7644234127 271.8026347011 271.7999418257 6.651825412262693 6.655744285326416 6.659394598224805 8.059647171277541 8.074052552153546 8.081745383002014 8.081192019384993
30499200.0 271.5556874638 271.5961029354 271.6333712773 271.6745340776 271.750048091 271.7905458755 271.789866672 6.651141521806686 6.654709655445098 6.658122187932468 8.05697455866731 8.07123718228113 8.079274711106395 8.079136705663378
30585600.0 271.5353982514 271.5783658459 271.6169497728 271.6589421368 271.7358458729 271.7784352215 271.7797091524 6.649394307140393 6.653120768945595 6.656596016185478 8.054194028117044 8.068497538432355 8.07683207070647 8.077087345173762
30672000.0 271.5146891396 271.5592875381 271.599222156 271.6424920232 271.7215454882 271.7662944824 271.7694846575 6.6476445744394095 6.651441491384797 6.654975746387067 8.051307167379433 8.065779982135979 8.074415294032265 8.075047124316878
30758400.0 271.4975529378 271.5421046704 271.5823532594 271.6262520876 271.7071860653 271.7541115358 271.7591991086 6.646221661536008 6.649954705705982 6.6534595534968135 8.048502462137169 8.063091554927258 8.072021557303282 8.073017231840018
30844800.0 271.4815764533 271.5259708739 271.5662668858 271.6104655571 271.6928806545 271.7418970154 271.7488584339 6.6449148433953615 6.648580229005644 6.652036319597434 8.04581810644504 8.060452422505977 8.06965255483496 8.070998804380407
30931200.0 271.4505339927 271.500527515 271.5445827797 271.59180879 271.6780405767 271.7295734669 271.7384516712 6.642428579383815 6.6464537692142684 6.650151789096943 8.042699105842596 8.0577551628171 8.067293126769412 8.068989683591466
31017600.0 271.4163044593 271.4711599639 271.5192555676 271.570352343 271.6621949262 271.7169926221 271.7279396159 6.63976484870388 6.64405969841413 6.647998414754323 8.039180321490784 8.054919570146547 8.064915583113928 8.066982439149628
31104000.0 271.3909969124 271.4463328775 271.4957426454 271.5489243138 271.6456102485 271.7040724225 271.7172760679 6.637845626193869 6.642084250119622 6.646043728151537 8.035735599065527 8.051999397556704 8.062505948572943 8.064968651125968
31190400.0 271.3708102123 271.4253996078 271.4748015573 271.5287155172 271.6287820673 271.6908395011 271.7064331722 6.636344200571847 6.640451883385635 6.6443376087848165 8.032548342361459 8.04908470201207 8.060070904822592 8.062943683774044
31276800.0 271.3465117839 271.4026355517 271.4532125189 271.5084222355 271.6117929208 271.6773428058 271.6954024642 6.634570500655597 6.638710155914243 6.642611872625413 8.029406728949875 8.046190234210574 8.057620865991442 8.060906682913082
31363200.0 271.3301689639 271.3846499969 271.4344984614 271.489639569 271.5949786793 271.6636709115 271.6841961497 6.6333975680946375 6.6373579343805105 6.6411423870051 8.026549328499227 8.043371790974843 8.055172780655113 8.058860604934148
31449600.0 271.3280077044 271.3766558718 271.4226233948 271.4749731768 271.5791410739 271.6500218885 271.672863475 6.633243636134155 6.636763521102389 6.640222331105867 8.024349960088854 8.04075779702438 8.05276191472346 8.056814939867216
31536000.0 271.3314278782 271.3744288411 271.4159316005 271.4643607495 271.5648681708 271.6366564262 271.6614938603 6.633487358536962 6.636598642835508 6.639708033448364 8.02277532821676 8.03843497212942 8.050432491245619 8.054785889468391
31622400.0 271.3292859736 271.3702778105 271.4094764288 271.4552472057 271.5520155317 271.6237564858 271.6501888051 6.633334645527489 6.636292147709567 6.639214734846618 8.0214350578453 8.03636949277011 8.048212988320685 8.05279104782291
