single point
       alpha_p                      0.002500000000000000    1.000000000000000    0.000000000000000
       alpha_m                      0.001980747386608000    1.000000000000000    0.000000000000000
           n_p                      1.499999270067000    1.000000000000000    0.000000000000000
          wr_p                      0.1102463384985000    1.000000000000000    0.000000000000000
         por_p                      0.5060087189881600    1.000000000000000    0.000000000000000
         por_m                      0.4270765472180900    1.000000000000000    0.000000000000000
        perm_p                      5.932960314040000e-11    1.000000000000000    0.000000000000000
        perm_m                      1.599412440190000e-13    1.000000000000000    0.000000000000000
         pen_s                      0.02848251480487000    1.000000000000000    0.000000000000000
          z_bg                      0.05460574957650000    1.000000000000000    0.000000000000000
           z_s                      0.006344184410000000    1.000000000000000    0.000000000000000
          b_bc                      268.4500000000000    1.000000000000000    0.000000000000000
