single point
       alpha_p                      0.002500000000000000    1.000000000000000    0.000000000000000
       alpha_m                      0.002281142662679000    1.000000000000000    0.000000000000000
           n_p                      1.487177626809000    1.000000000000000    0.000000000000000
          wr_p                      0.1247662337060000    1.000000000000000    0.000000000000000
         por_p                      0.4635741683634200    1.000000000000000    0.000000000000000
         por_m                      0.4003665790459400    1.000000000000000    0.000000000000000
        perm_p                      7.554076645790000e-11    1.000000000000000    0.000000000000000
        perm_m                      1.750000000000000e-13    1.000000000000000    0.000000000000000
         pen_s                      0.03130734511209000    1.000000000000000    0.000000000000000
          z_bg                      0.06370733333270000    1.000000000000000    0.000000000000000
           z_s                      0.001250000000000000    1.000000000000000    0.000000000000000
          b_bc                      268.4500000000000    1.000000000000000    0.000000000000000
