single point
       alpha_p                      0.002500000000000000    1.000000000000000    0.000000000000000
       alpha_m                      0.001143239067576000    1.000000000000000    0.000000000000000
           n_p                      1.474138540571000    1.000000000000000    0.000000000000000
          wr_p                      0.1349175121817000    1.000000000000000    0.000000000000000
         por_p                      0.4437118726935600    1.000000000000000    0.000000000000000
         por_m                      0.3794165917536400    1.000000000000000    0.000000000000000
        perm_p                      5.725467194540000e-11    1.000000000000000    0.000000000000000
        perm_m                      1.750000000000000e-13    1.000000000000000    0.000000000000000
         pen_s                      0.02710815704993000    1.000000000000000    0.000000000000000
          z_bg                      0.06842538465730000    1.000000000000000    0.000000000000000
           z_s                      0.001250000000000000    1.000000000000000    0.000000000000000
          b_bc                      268.4500000000000    1.000000000000000    0.000000000000000
