single point
       alpha_p                      0.002500000000000000    1.000000000000000    0.000000000000000
       alpha_m                      0.002307922032140000    1.000000000000000    0.000000000000000
           n_p                      1.496136419161000    1.000000000000000    0.000000000000000
          wr_p                      0.1190289886204000    1.000000000000000    0.000000000000000
         por_p                      0.4815222402664100    1.000000000000000    0.000000000000000
         por_m                      0.4174344913222800    1.000000000000000    0.000000000000000
        perm_p                      6.663023770510001e-11    1.000000000000000    0.000000000000000
        perm_m                      1.750000000000000e-13    1.000000000000000    0.000000000000000
         pen_s                      0.03169908399542000    1.000000000000000    0.000000000000000
          z_bg                      0.06400146215039999    1.000000000000000    0.000000000000000
           z_s                      0.001912107600000000    1.000000000000000    0.000000000000000
          b_bc                      268.4500000000000    1.000000000000000    0.000000000000000
