single point
       alpha_p                      0.01005448448875690    1.000000000000000    0.000000000000000
       alpha_m                      0.001700552267807000    1.000000000000000    0.000000000000000
           n_p                      1.500000993738000    1.000000000000000    0.000000000000000
          wr_p                      0.1025355936746000    1.000000000000000    0.000000000000000
         por_p                      0.5490768511592400    1.000000000000000    0.000000000000000
         por_m                      0.4463872532552300    1.000000000000000    0.000000000000000
        perm_p                      5.027819315460000e-11    1.000000000000000    0.000000000000000
        perm_m                      9.342788238549999e-14    1.000000000000000    0.000000000000000
         pen_s                      0.02490505566240000    1.000000000000000    0.000000000000000
          z_bg                      0.04544815346920000    1.000000000000000    0.000000000000000
           z_s                      0.006106610240000000    1.000000000000000    0.000000000000000
          b_bc                      268.4500000000000    1.000000000000000    0.000000000000000
