single point
       alpha_p                      0.002500000000000000    1.000000000000000    0.000000000000000
       alpha_m                      0.001092826264272000    1.000000000000000    0.000000000000000
           n_p                      1.468746944922000    1.000000000000000    0.000000000000000
          wr_p                      0.1369236024798000    1.000000000000000    0.000000000000000
         por_p                      0.4392424120097200    1.000000000000000    0.000000000000000
         por_m                      0.3732482660213400    1.000000000000000    0.000000000000000
        perm_p                      5.637060080680000e-11    1.000000000000000    0.000000000000000
        perm_m                      1.750000000000000e-13    1.000000000000000    0.000000000000000
         pen_s                      0.02564510342341000    1.000000000000000    0.000000000000000
          z_bg                      0.06960634616430000    1.000000000000000    0.000000000000000
           z_s                      0.001250000000000000    1.000000000000000    0.000000000000000
          b_bc                      268.4500000000000    1.000000000000000    0.000000000000000
