0.0 260.207261753 261.5472264651 262.5130099496 263.4419936328 265.3327882889 267.0944652207 268.2767993339 6.213558182351483 6.223197580005913 6.23122823419219 6.03274550910727 6.056288229308576 6.087431083641896 6.117145083566482
86400.0 263.3311523806 263.2866516624 263.4819060538 263.8751749651 265.277416233 266.944152461 268.139372222 6.238922140189949 6.238479621391131 6.240443473765057 6.037465715790993 6.055466386765515 6.084269812229241 6.113163553204274
172800.0 262.2528791681 263.0081432303 263.5098270328 264.0131831758 265.3027813136 266.8450773834 268.0179645928 6.228962289879513 6.2357754197999595 6.240729077428091 6.039053547101434 6.0558250848416995 6.082247677411339 6.109778769627989
259200.0 261.0240696566 262.310740298 263.1265487093 263.8437195149 265.2620759299 266.7597095179 267.9091586566 6.219247348771383 6.2294593656565125 6.236911556789312 6.037124402091535 6.055233319567498 6.080542818774708 6.10684485845729
345600.0 261.4661432902 262.4060582306 263.1068612201 263.784793535 265.2030506211 266.6777359738 267.8091073609 6.222568296360471 6.230286814453707 6.236721282453814 6.0364598507708775 6.054383832928339 6.078937308799681 6.104225781277867
432000.0 261.6706691751 262.5172268277 263.1524574573 263.781585189 265.1517417463 266.5994355977 267.7154784955 6.224168172842754 6.231265638095307 6.237162798592285 6.036420468448467 6.053651757896485 6.0774317151907855 6.101840016621458
518400.0 261.7781141538 262.590286625 263.1934892892 263.7911641511 265.1108268794 266.5265491514 267.6274113139 6.225025597413153 6.231917172287798 6.2375626601992655 6.036525275654631 6.0530722290843855 6.076054069001696 6.099651052932589
604800.0 261.8846170532 262.6601719016 263.2357958541 263.8070516915 265.0786194578 266.4598885895 267.5446739841 6.225887377320279 6.232546643789766 6.2379774940304635 6.03670157079313 6.052618662196804 6.074813685790504 6.097641305576987
691200.0 261.7041167691 262.5718796713 263.1864894193 263.7763700655 265.0412374181 266.3971093451 267.4666077256 6.224433815930868 6.231752397585961 6.237494273800596 6.036358248777628 6.052096868847698 6.073662208038489 6.095785029457139
777600.0 259.9450424088 261.5700049126 262.5756241827 263.4272390572 264.9236777887 266.3215470811 267.3888439439 6.211843006035463 6.223375531115713 6.231785883313019 6.032574952199931 6.050486960919233 6.072297195393412 6.093973236818241
864000.0 258.0212596991 260.2564709232 261.6526394995 262.8160821103 264.6869381678 266.2122467924 267.3033716122 6.200637240243163 6.2138857882988106 6.224025452983798 6.026412861622217 6.047348057422876 6.070361965483366 6.0920233083466435
950400.0 257.2283665164 259.4604050672 260.9435968884 262.234195007 264.3783185333 266.0633347662 267.2033541763 6.1966139862232055 6.208801797893285 6.21866200018519 6.021019106599781 6.0434445158146755 6.067797154232852 6.089794658746984
1036800.0 257.4039118083 259.289076545 260.6266846467 261.8576794285 264.0752600174 265.8873795625 267.0873121407 6.19747878077463 6.207764479261197 6.216411080841314 6.017740460517244 6.039800848528278 6.064867944152922 6.087277737346243
1123200.0 258.8943989294 259.9940706534 260.9110886893 261.8598743184 263.8699152239 265.7128138827 266.9611516458 6.205445454204592 6.212159856460912 6.218427152328297 6.017739469055644 6.037426814758414 6.062064322481889 6.084621338590043
1209600.0 260.5254286877 260.9998877047 261.5160643392 262.1466004458 263.7991803057 265.5680626662 266.8356621892 6.215709543611083 6.219070851103016 6.222954966500263 6.020198346674606 6.036619394616671 6.059812723830634 6.0820577302267536
1296000.0 259.8149215996 260.8188583593 261.5142562605 262.1966749511 263.7576986131 265.4519902448 266.7177095159 6.211010449747268 6.2177658381431 6.222940919087246 6.020641096583201 6.036150129341062 6.058052903806077 6.079716195551531
1382400.0 260.2836459441 261.0589865752 261.6611108012 262.2809037498 263.7365066863 265.3589049307 266.6100752716 6.214067496425046 6.219503116734403 6.224092469229578 6.021389132877921 6.03591029386524 6.056669869394802 6.077634515270023
1468800.0 261.0789776079 261.554212639 261.9832269961 262.47163641 263.7560558025 265.2891925392 266.5145302463 6.219650043193338 6.223252102974716 6.226696071583634 6.023116808782058 6.0361233946271415 6.055650096103915 6.075828862245916
1555200.0 259.1692243093 260.6113978692 261.491509736 262.2501467841 263.7051477212 265.222322604 266.4275034586 6.2070500300083085 6.216304632758755 6.222764470312023 6.021118710427415 6.035558884661177 6.054684464327436 6.0742175051173986
1641600.0 256.7862923512 259.0835121741 260.4831807023 261.6359541366 263.508074992 265.1267908074 266.3390431418 6.194497484124739 6.206544624311121 6.215419286085046 6.015874150891292 6.033419761195323 6.053325767723745 6.072611078368239
1728000.0 255.8447432616 258.1730351047 259.7011210838 261.0220160843 263.2142429402 264.989428601 266.2393307955 6.190260346584194 6.201443136411551 6.210292097096804 6.011023019122621 6.030346511520906 6.051413771308394 6.070837098720282
1814400.0 250.657495054 254.9749103883 257.5610920652 259.6390214977 262.6741025091 264.7734451148 266.1133582022 6.171880889744245 6.186639655550231 6.1982653217069625 6.001348879558421 6.0250396376946584 6.048502302115211 6.068649588376627
1900800.0 250.7832142234 254.2209523122 256.5794584204 258.6646404565 262.063036313 264.4843220457 265.9522117121 6.172249317469235 6.183703888228715 6.193536133416559 5.995348153208656 6.0195002980990955 6.044775256771601 6.065934714801451
1987200.0 252.788017094 254.9815122971 256.6906970234 258.3686715313 261.581716283 264.1702741778 265.761771032 6.178578231553134 6.186666160704307 6.194050934835128 5.99361868972953 6.015438028052876 6.0409310434607795 6.062840550678966
2073600.0 254.7142605027 256.0826945209 257.2530844918 258.50582849 261.2959247833 263.8816777484 265.5583932977 6.185604527366892 6.191298303915304 6.196734898016736 5.994379106016313 6.013135196963346 6.037570752774068 6.059664518240304
2160000.0 256.2252173772 257.1073008029 257.914805704 258.8403961209 261.1816188979 263.6481426114 265.3599455 6.191930352712281 6.196025770953031 6.200079101866301 5.996320949931081 6.012230254976102 6.034963558051718 6.056685139254348
2246400.0 258.3649228845 258.5222267277 258.8743001681 259.4209724914 261.2335723792 263.4870865704 265.1820010148 6.202479502816134 6.203344054187124 6.2053299036805445 5.999870679445982 6.012624286050999 6.033220454335746 6.05410801203812
2332800.0 258.8223015255 259.1219291619 259.4395078687 259.8756319535 261.3620182335 263.3922963537 265.0330647801 6.205032070099371 6.206770587069835 6.208674249112296 6.002817527294299 6.013628982642412 6.032214632493158 6.052015940290428
2419200.0 259.0441392335 259.442778779 259.7844072866 260.1972720878 261.5047386432 263.3454536361 264.9141392584 6.206313984010487 6.20869419456219 6.210816944998955 6.0049966738120215 6.014768612899111 6.031722938074379 6.050385978303385
2505600.0 259.0944353441 259.5969751364 259.984973339 260.4113927987 261.6317413766 263.3276536976 264.8213421857 6.2066087797465865 6.209642516818339 6.212100932350415 6.006493496776417 6.0158019388006565 6.031537013542059 6.049138251963928
2592000.0 259.2773789721 259.7753166569 260.1640177227 260.5851075655 261.7418307812 263.3261711931 264.7492922154 6.207694347308037 6.210759423480321 6.213271804057192 6.0077355317563566 6.016712127925473 6.0315215510741345 6.048183661869997
2678400.0 259.9279648664 260.2079912574 260.483381466 260.8226225042 261.8602624261 263.338099687 264.6940978242 6.211733048428939 6.21356302552298 6.2154206620151 6.009474322356788 6.017706095700873 6.031646063459382 6.047460592843594
2764800.0 260.6300365642 260.7234117387 260.8789572831 261.1182605364 262.0021722187 263.3653902357 264.6540198624 6.216434447262698 6.217089106716604 6.218195929582512 6.01171000895034 6.018917958509352 6.031931778262158 6.046939941352404
2851200.0 260.7032172889 260.917050423 261.1039927524 261.3391344491 262.1433439894 263.4048251423 264.6273723926 6.216946907815702 6.21847015248276 6.219834401572663 6.0134357174569955 6.02014718260541 6.032346739765616 6.046595783214499
2937600.0 258.5829533676 259.8262082966 260.5325757476 261.106517574 262.1735104095 263.4314541581 264.6070968268 6.203681502776703 6.211082189550494 6.215758788133965 6.011626575082546 6.02041462801702 6.032628365914113 6.046334990482118
3024000.0 258.2302753535 259.4101258131 260.18649877 260.8696545338 262.1263283349 263.4322310525 264.5851847201 6.20175021854338 6.208495397291327 6.213420505917105 6.009834234506916 6.020001147696968 6.032636599532755 6.046054181407663
3110400.0 258.9265889191 259.6772135251 260.2615115403 260.8445761207 262.0850855149 263.4161099763 264.558578004 6.20563102187986 6.2101423245007625 6.213919450064869 6.009644497491732 6.019640629451104 6.032465947100308 6.045714643477683
3196800.0 261.9877629305 261.4090084705 261.2915152437 261.3932214007 262.1918927815 263.4195282677 264.534246953 6.226733523735062 6.222128731131198 6.221234640888858 6.013864563523284 6.020576473053933 6.03250209683757 6.045405512957104
3283200.0 263.8184267656 262.8184287089 262.346834574 262.1189040762 262.4433654536 263.4694758651 264.5235586384 6.243969061552917 6.2339952140561365 6.2297714314716925 6.019933456531666 6.022838659779535 6.0330324779147215 6.045270126280044
3369600.0 264.9193033536 263.837645437 263.2274603089 262.8222519456 262.768778705 263.5596555098 264.528366002 6.256947101271152 6.244176050894784 6.237895554418517 6.026417359842349 6.025889176737312 6.03400046932463 6.04533098925653
3456000.0 265.3974090539 264.4384649043 263.8462763844 263.4021142721 263.1306590067 263.6976349555 264.5588278297 6.263409614085567 6.250981960062251 6.244269212891 6.032278663540118 6.0294557283407055 6.0355080740229505 6.045717824315404
3542400.0 265.4436249762 264.7035957229 264.2128968597 263.8151862506 263.4694262444 263.8654070853 264.6155795447 6.264065375398593 6.254209316017492 6.248347930399406 6.036778129011496 6.032973976715071 6.037385948177275 6.046443986542157
3628800.0 258.9014030411 261.3938781111 262.4955574351 263.1181283205 263.5668586033 264.0115287649 264.6852438641 6.2054857784486925 6.222012854282931 6.23107366169416 6.029349023705307 6.034021113897308 6.039063128020716 6.047345255759369
3715200.0 256.4255672882 259.1413004064 260.7452306498 261.9535062238 263.3209611992 264.0666433707 264.7428213614 6.19283233899094 6.206884873158265 6.217243128173216 6.018541902138903 6.031417987334542 6.039706137967385 6.04809852571243
3801600.0 256.5827601471 258.6423947303 260.0319673528 261.2228584 262.9457741454 264.0057099929 264.7580483658 6.193551339561078 6.204013831904228 6.212405965997319 6.012561548044807 6.027625396271234 6.038995578581185 6.048299020839335
3888000.0 258.2807039942 259.3270219763 260.1918260307 261.0577532706 262.6705618913 263.9015413356 264.7387119364 6.202022206944555 6.207992582123549 6.213455799155117 6.011268628466068 6.024969399331078 6.037797022118997 6.048044509160489
3974400.0 259.8215701323 260.2372835605 260.6900040572 261.2325499852 262.5449581209 263.8017554843 264.6989264765 6.211052697870282 6.213757830699037 6.2168540512634465 6.012606869411344 6.023787998258968 6.03666759074247 6.047523569561907
4060800.0 261.1717725814 261.1587832271 261.3078979652 261.5852373888 262.5547407912 263.7349721326 264.6545776368 6.220336782286313 6.220240181346667 6.221358523008779 6.015418469922666 6.02387486596474 6.035921675637448 6.046947162291585
4147200.0 260.6588989589 261.097595827 261.40042476 261.7205928351 262.594403212 263.6980365845 264.6147980533 6.216636031683937 6.219787203323855 6.222062965200542 6.016534938158891 6.024243102427566 6.035512510110387 6.046433938270778
4233600.0 258.1573564658 259.7340625429 260.6265959776 261.337846038 262.5207073663 263.6575020518 264.5769309492 6.20135932682334 6.210499109832456 6.216410462851471 6.01343827940191 6.0235580791846965 6.035066206653624 6.045948684304157
4320000.0 260.2219273927 260.5744921552 260.9700276608 261.4230652439 262.4815266172 263.617199385 264.5396271648 6.213655624919065 6.216048431109262 6.218853624587296 6.01411024817672 6.023195431205329 6.034625260535353 6.045473757590988
4406400.0 260.9625319638 261.1312323837 261.3473608881 261.6389072551 262.5078251696 263.5908836309 264.5056836599 6.218799218109278 6.220035797808382 6.221657972875468 6.015858507109809 6.023436536338287 6.034338838412136 6.04504426452531
4492800.0 260.669267987 261.106027919 261.4132015258 261.7302441548 262.5464281867 263.5781684983 264.4771741622 6.216708620370549 6.2198494253395324 6.222160882912436 6.016615011467117 6.023793623180337 6.034200866529539 6.044685463394137
4579200.0 259.7732659677 260.6286730727 261.1565662845 261.6195874089 262.5404206022 263.5658033541 264.4522463351 6.210746455602972 6.216424941165463 6.220223709520734 6.015703021362635 6.023738087512285 6.034066953856405 6.044373173973137
4665600.0 259.2429029332 260.2348493706 260.8744618647 261.4383496616 262.4863362392 263.5427900153 264.4269096248 6.207488156390395 6.213741617533881 6.218163651094078 6.014235018739948 6.023238295404118 6.033818406472879 6.044057124081362
4752000.0 260.0725378457 260.5885592737 261.0168901205 261.4624539122 262.4523300383 263.5155439074 264.4001087326 6.2126706066795085 6.21614595478524 6.219194893053417 6.014425753408381 6.022925209992742 6.033525288231967 6.0437242933886965
4838400.0 262.3395929099 261.8993253066 261.8121003978 261.8952822616 262.5348836762 263.50955267 264.3775091778 6.229708697964262 6.226007335228166 6.225299303461214 6.018001580363288 6.023684973949576 6.033460998988387 6.043444814426623
4924800.0 263.2286707639 262.6960335788 262.4555476197 262.3642051803 262.7058330145 263.5386713434 264.3664563547 6.237907447072235 6.2328720623019445 6.230720709166344 6.022121302070559 6.025289512297903 6.033774017734227 6.043308518766248
5011200.0 264.8071428394 263.8039045837 263.2846689369 262.9632434927 262.9625152539 263.6104484418 264.3735230882 6.255510546838863 6.243813070329077 6.238459973454212 6.0277940017094 6.027775554124731 6.034551670718888 6.043395631316148
5097600.0 265.9711173006 264.7656499241 264.0791813853 263.5910312677 263.2826030472 263.7253947681 264.4030629764 6.271984103101596 6.254986284913084 6.246832231954158 6.034302084722543 6.031011443805057 6.035815350042069 6.0437609066460185
5184000.0 263.536156163 263.7412054857 263.7058354457 263.6022182663 263.4955656764 263.8497342339 264.449799551 6.240999516343031 6.243143657599764 6.24276891675942 6.034415106827022 6.033253209461234 6.037208388924676 6.044342593074544
5270400.0 264.5223893663 264.1326861742 263.924957772 263.771461616 263.6703424287 263.9703427693 264.5068184503 6.251987741871798 6.247434750249434 6.245124403909834 6.036281091657916 6.035148777500195 6.038586376672127 6.0450585826601495
5356800.0 266.0354972939 265.0716665634 264.5544789657 264.1899337583 263.8890835857 264.0972939691 264.572252409 6.273009235585127 6.258945371969567 6.252376129368958 6.0411228774172105 6.037595738647153 6.040066250389968 6.045888951764025
5443200.0 264.0755934699 264.2557458877 264.2386909652 264.1613308154 264.0341591735 264.2164854497 264.6419348636 6.246792015598702 6.248840716322976 6.248644158100102 6.0407758526277116 6.039266687611414 6.041484061427522 6.04678366209375
5529600.0 265.0348569212 264.6526111617 264.4519543545 264.3031996626 264.1651142379 264.3266405073 264.712677939 6.258457554183207 6.25357720696167 6.251142658705203 6.042484907838209 6.040809358661213 6.042819645808598 6.047703213961426
5616000.0 267.1704818237 265.9229247829 265.266633643 264.8069217053 264.3792636475 264.447678084 264.7872212226 6.293660988178906 6.271225532389287 6.261584779092868 6.048907395117596 6.043405817906214 6.044316088476752 6.048684658080607
5702400.0 266.8938097872 266.103095055 265.5758181479 265.1380474431 264.6111171796 264.5825286946 264.8683063054 6.2881227803581 6.274100390067605 6.265973452185623 6.0534473489464515 6.046325871450179 6.046020216424219 6.049767120202348
5788800.0 265.5718464815 265.4993128226 265.3393233246 265.1381246652 264.7700500343 264.7130808631 264.9532377203 6.26591541280588 6.264863261119129 6.262593540853024 6.053437994889049 6.048395984653593 6.047708484191875 6.0509179679419365
5875200.0 262.0321586889 263.4722466203 264.1322463795 264.516199673 264.7283889176 264.7995543862 265.030417006 6.227101277747117 6.240344950091404 6.2474297762736475 6.045132290311789 6.047846843606108 6.048848293208682 6.051979264486639
5961600.0 262.4671882732 263.2417646523 263.7491565819 264.1531787866 264.6122991109 264.8368948512 265.0906535147 6.230823197922067 6.238036230556406 6.243228184078299 6.040686957654453 6.046341244472815 6.04934592286937 6.052818063168705
6048000.0 265.1078317474 264.5639114129 264.4128459072 264.4027848907 264.6040154388 264.861400005 265.1368408462 6.259427844506341 6.2524906984024335 6.250677769153095 6.043707608161372 6.046234707034312 6.049674309735969 6.053467560293795
6134400.0 264.134116204 264.3005797126 264.3715346381 264.4352430684 264.62126226 264.885892101 265.1744510668 6.247450926023135 6.249360083556538 6.250190008993615 6.044111187855346 6.046456176188535 6.050003968078803 6.0540005640544114
6220800.0 265.6163015957 265.0779069525 264.835927745 264.7012611184 264.7015236635 264.9230765498 265.2098674203 6.266567616022021 6.25902839666624 6.255876502889612 6.04750380731975 6.047495724089967 6.050507251039563 6.054505911894784
6307200.0 266.2907299525 265.6354179039 265.2727163775 265.0184885035 264.8367919186 264.9805592462 265.2488958774 6.277211561809281 6.266849815479182 6.261668667776022 6.051766238725329 6.049281974844933 6.051291961807295 6.055066699650713
6393600.0 266.7503893741 266.0556125101 265.6410162454 265.3228229505 265.0034977881 265.0586274668 265.2952681294 6.285391511372422 6.273332334480474 6.266932659482663 6.0560951339070535 6.051544352441822 6.052370941083464 6.055738389719298
6480000.0 267.033525915 266.3665102535 265.9386684768 265.5924594364 265.1813994997 265.1530274454 265.3503056217 6.290873486109348 6.278503789164221 6.271472524748273 6.060144593270684 6.054036261331594 6.053696511122355 6.056543290169192
6566400.0 266.4645256196 266.1727165221 265.9259055628 265.687638879 265.3249656907 265.2517356416 265.4119765219 6.280207002855725 6.275240418558048 6.271272235109211 6.061620214648811 6.056108139516628 6.055107703544069 6.0574552989418144
6652800.0 269.3781953224 267.7709217643 266.9001559603 266.269738102 265.5608649631 265.3705710464 265.4826668698 6.3573180561079905 6.307087186510716 6.288245759525294 6.071358003062621 6.059640201590938 6.056841851018899 6.0585140806928175
6739200.0 270.6021856828 268.839278373 267.7659331434 266.9248721023 265.8832074209 265.5227430036 265.5674660617 6.423480714994434 6.337431557545342 6.3069666563697035 6.08391252218852 6.06474219146589 6.059120876055787 6.0598034969163805
6825600.0 268.9573754551 268.2871756691 267.6938209337 267.1112674316 266.1495901458 265.6889811894 265.6652802424 6.341465944761039 6.3205248724280105 6.305242485838608 6.087796015173078 6.069217501893303 6.061689143510261 6.061317710795826
6912000.0 268.3959737993 267.9442324654 267.5494116606 267.1367671624 266.334018824 265.8473050696 265.7698573813 6.323626788297782 6.311379300485755 6.3018883713061 6.088317653921062 6.072464170709372 6.064215522131494 6.062969514177861
6998400.0 264.7735706314 265.9044359957 266.358623545 266.5382805188 266.3192454356 265.959892788 265.8680338258 6.255086067657533 6.270936482387003 6.278368315140872 6.076217234328599 6.072191166001911 6.066062189792081 6.064552208808859
7084800.0 263.3602111055 264.6550890921 265.3789249933 265.8618337179 266.1493705109 266.0070155616 265.9463293055 6.239212700106869 6.2536077993253905 6.263148949855534 6.064412693666073 6.069200989275442 6.066847915796453 6.065837324352366
7171200.0 264.1117832707 264.7140159858 265.1646734432 265.5469361219 265.9677083711 266.0046400707 265.9997838265 6.247198737414506 6.254339198338409 6.260192644641893 6.059448342122377 6.066125427327562 6.06680812249913 6.066726701748612
7257600.0 265.1019691949 265.1943596791 265.3474708352 265.5309045092 265.8560220479 265.9831157411 266.0327035289 6.259349416787128 6.2605952619034 6.262707469884654 6.0591954077820205 6.064291406772229 6.066448449732104 6.067279355071572
7344000.0 267.5055182428 266.5909979907 266.1763224909 265.9528119739 265.894325396 265.9798544623 266.0569276374 6.300893965640237 6.282459749485388 6.275299920512144 6.065892218482056 6.064914750281422 6.066394093675744 6.0676884607696335
7430400.0 269.0871285258 267.7799602983 267.0472562204 266.5327005127 266.0686815698 266.0186397558 266.0858590336 6.346095524793133 6.307305985625714 6.2911487892515074 6.076138883730286 6.067820802959452 6.067042923862172 6.068179795450236
7516800.0 267.0829592249 267.0104920517 266.815551305 266.5835154943 266.2027813316 266.080208169 266.1234980527 6.291868943245353 6.290413673789411 6.286621171393447 6.077080238035143 6.070129566465322 6.0680837354080195 6.068823505962819
7603200.0 266.8563630688 266.7782662919 266.6787030998 266.553028919 266.2809360918 266.1437558995 266.1669327418 6.287400835408363 6.285915309190599 6.284059818645078 6.0764974753928565 6.071505255716755 6.069172236333619 6.0695727368208905
7689600.0 268.2709668793 267.5166697283 267.1016183062 266.7913347497 266.3889539273 266.2123777135 266.2148272071 6.3200714681935075 6.301145523287823 6.292247793066081 6.081124509814354 6.073446472936716 6.070364256371223 6.070406971008691
7776000.0 270.7241340389 269.0381346971 268.0962394874 267.4072489738 266.6125145078 266.3078809711 266.2718121294 6.432640741782323 6.344322228151276 6.315320401226436 6.094413131168769 6.077617788646994 6.072052716903819 6.071410772647716
7862400.0 271.4723700939 269.8435995684 268.8146249623 267.9883632302 266.9078114205 266.4388117789 266.3433776742 6.5086932691489565 6.378185731508564 6.336609796166386 6.1090641547040745 6.083467440257299 6.074425316291094 6.07268906898235
7948800.0 271.5256587295 270.1528570393 269.2156864948 268.4076599501 267.2085783542 266.5965474805 266.4311106787 6.515996270236144 6.394606408921042 6.350901769605846 6.12122984831429 6.08986495452404 6.077376693123953 6.0742836781245995
8035200.0 272.1005263647 270.6221976102 269.645155793 268.8044364458 267.5053157105 266.7716634677 266.533665678 6.626486669759004 6.424939251320298 6.368790873629401 6.134336665684554 6.096667932923081 6.08077950411012 6.076187385848806
8121600.0 271.7802373075 270.6374267024 269.8101777664 269.0526377066 267.7670954028 266.9520280755 266.6473093008 6.5564479566104295 6.426060609065519 6.376546235385617 6.14342674527143 6.103124165000278 6.084432612558234 6.078348836204291
8208000.0 269.7468046985 269.6167415199 269.3130113267 268.9041645334 267.9141007065 267.1136631337 266.7639946607 6.373502693413994 6.367509510908849 6.354696506224527 6.137717382458125 6.106944851766127 6.087843243742784 6.080627357779203
8294400.0 269.7140570481 269.3953086223 269.1151242183 268.7941303659 267.9909009296 267.246950632 266.8760816961 6.371962379381529 6.3580173668447095 6.347122976832083 6.133755445146881 6.108998355234861 6.090759495442637 6.082875129510354
8380800.0 269.8817093705 269.430386535 269.1008260321 268.7749193958 268.0470612067 267.3562830452 266.9797186888 6.380085153783898 6.359465516360718 6.346596924463645 6.133081037413962 6.110530264840407 6.0932256535725715 6.085007208650001
8467200.0 270.2255371253 269.6242407971 269.214867244 268.8425863376 268.1120750227 267.4514797662 267.0748640136 6.398830755118925 6.367846222631485 6.350870413090475 6.135468371442843 6.112340936746061 6.095429969890031 6.087011992640149
8553600.0 271.1988673853 270.2109011809 269.5888342568 269.0728005162 268.2206124568 267.5461361749 267.1647220113 6.475953656364844 6.397967757616392 6.366265659747568 6.144044534651313 6.115450755046482 6.097676717218218 6.088948688666387
8640000.0 271.2569390714 270.4033493484 269.7987772838 269.264465718 268.3496006217 267.6455509705 267.2526235068 6.482319619606802 6.4098484575231 6.375992489254407 6.151732333784156 6.1192820938422035 6.100097945181274 6.090885488057009
8726400.0 270.7028308538 270.18369144 269.7468661893 269.3125447705 268.4562002277 267.744197496 267.3392992426 6.43099238881973 6.396380009506642 6.373505606148596 6.153705124553435 6.122561461738338 6.102565557305037 6.09283775180548
8812800.0 269.950024212 269.7492914306 269.5103353712 269.2221892712 268.5132958849 267.8319427281 267.4226343704 6.383572776244118 6.373620548078917 6.362842354448309 6.149900855473036 6.12435676015167 6.1048173805032935 6.094756016980531
8899200.0 270.5532193901 269.9878779831 269.6108243798 269.2661568798 268.5671788331 267.9101356578 267.5013991121 6.419981775965064 6.385552750804933 6.367244575885204 6.151718649806903 6.126084753745937 6.106871085113028 6.0966075968332065
8985600.0 269.5575969248 269.4958643907 269.3513761444 269.1496827935 268.5855475695 267.9750659644 267.5740157754 6.3648902557087315 6.362223103060675 6.356231452359342 6.146958951680874 6.126674731433967 6.108611371498124 6.0983489653702305
9072000.0 267.8764686177 268.4594670753 268.6981982758 268.7765236382 268.517925292 268.013678812 267.6363648819 6.309676436801771 6.325485660247581 6.332819798094193 6.133086470573133 6.124480965041947 6.109661749492462 6.099871224308181
9158400.0 264.295582328 266.2048399786 267.2247315962 267.8795558591 268.267791575 267.9972419614 267.6788698048 6.249302000867806 6.2757720854305115 6.29479123944898 6.106063088633487 6.116798286764616 6.109213191574571 6.100923728282266
9244800.0 265.9093613776 266.5310302653 267.0569148828 267.517430701 268.0131290484 267.9371774787 267.697518243 6.271013378749835 6.281383705883446 6.291342998919092 6.09696643944582 6.109568851496815 6.107591955928747 6.101389342598402
9331200.0 270.3262428257 268.9427024186 268.3567923135 268.0724068116 267.9813435422 267.8897887144 267.7030775806 6.404945703389454 6.340955656447969 6.322497782701799 6.111224917011138 6.108702282880184 6.106332317952066 6.101528606276728
9417600.0 269.1933129274 268.8275165853 268.5316205582 268.2911693264 268.0282624147 267.8719873887 267.7072709384 6.350048859215666 6.337038648191397 6.327643470747779 6.117518842477203 6.109983393943786 6.105863489517628 6.101633791412066
9504000.0 268.9440579551 268.7249860655 268.5382105024 268.3612700692 268.0774881542 267.8755396092 267.7155968624 6.341002688659244 6.333678820153488 6.327843016360951 6.119619409503157 6.111346434908295 6.105956855543807 6.101842994126313
9590400.0 269.4718020915 269.0189118243 268.729539034 268.4930218298 268.1387833496 267.8943966394 267.7297951865 6.361201347858011 6.343634924234159 6.333825583057713 6.123708982072201 6.113071356855564 6.106454059803524 6.1022008514652475
9676800.0 268.7624539399 268.7044068529 268.5988972125 268.468205892 268.1744469843 267.9182298101 267.7485332071 6.334893226066812 6.333018215546141 6.329700533892625 6.1229169470120866 6.11408845268124 6.107086275390671 6.102675265945251
9763200.0 267.4883602595 267.9307549121 268.1312430048 268.219451962 268.1396984024 267.9309857638 267.7672069596 6.300508335214479 6.31103803153272 6.316252689317389 6.115397928375947 6.113094655524731 6.107426409750555 6.103150492336481
9849600.0 267.2872416182 267.6372714952 267.8567140632 268.0043684939 268.0643515917 267.926487452 267.7813260185 6.296112595830016 6.303913669529132 6.3091860581877315 6.10934581629147 6.110978697691457 6.107306322519507 6.10351143612124
9936000.0 268.0976073912 267.9996217231 267.9900304793 268.0070966909 268.015677578 267.9144165956 267.790327259 6.315356655859965 6.312795576388555 6.312548734828021 6.10941697716233 6.109637219803394 6.106984836091299 6.10374228355895
10022400.0 267.0410973786 267.4548362881 267.6803425805 267.829808967 267.9464080248 267.8942387967 267.7939886629 6.291025187273588 6.29975980813884 6.304923935663638 6.104701600229687 6.107760508605562 6.106449886959964 6.103836349465154
10108800.0 270.357676136 269.2066639468 268.6311887027 268.284265002 268.0057600829 267.8923512073 267.7982394214 6.406920348404741 6.3505569627913525 6.330703823928489 6.117321858615576 6.109367071783482 6.1063999997124725 6.103945676537993
10195200.0 272.2817353025 270.6528961041 269.6681841402 268.9602773782 268.2105732746 267.9339437851 267.8131749007 6.681926730847275 6.42720992635814 6.369840600368068 6.1398416711685115 6.1151356774673005 6.1075054611309865 6.1043308338761255
10281600.0 272.8428497404 271.3462120119 270.3340955913 269.523749225 268.4834780868 268.0214961034 267.8461679678 7.091046982457086 6.492686215951509 6.405435980409633 6.163236740690675 6.1234064211412305 6.1098758306783525 6.105187366216999
10368000.0 273.1461499473 271.7792455978 270.808152994 269.9816635853 268.7715148171 268.1384206765 267.8945675829 9.346180474169573 6.556269295514828 6.439354942938946 6.186652499584579 6.132959732381308 6.113136843760184 6.106458293967151
10454400.0 272.6011354815 271.7370634347 270.9777716839 270.2592323469 269.0369299855 268.2802541334 267.9628066557 6.838306769277724 6.548841381029137 6.454052421989358 6.20333448299872 6.142626178398223 6.1172476173302535 6.108280028974506
10540800.0 270.5522508695 270.6325019575 270.4459726452 270.1115185768 269.1913291709 268.418883779 268.0446308498 6.419913547778216 6.425696897673229 6.412646276712459 6.193764622363652 6.148662656698812 6.121441141237624 6.1105119510192205
10627200.0 273.1603328159 271.7964526921 270.9589500938 270.3084204768 269.304543313 268.5404615191 268.1301729743 9.834840557098953 6.559396438057134 6.452339538970516 6.206369478986619 6.153319248398747 6.125271977570384 6.112902831554711
10713600.0 273.221519944 272.0871443726 271.2978868863 270.6066999662 269.4707489736 268.6560989246 268.2158323166 17.095536083756986 6.622953235635102 6.486983456689711 6.227984132885592 6.160567951627967 6.1290575489808905 6.115358423860724
10800000.0 273.2307144847 272.230544704 271.4824502387 270.8118962095 269.6460031383 268.777857604 268.3035829483 21.74763613318246 6.664649887737795 6.5100483870475365 6.245094514196482 6.16875499512236 6.133203143939024 6.1179405220282
10886400.0 273.2319165254 272.4689389436 271.6988471254 271.0118544919 269.8144118515 268.9030583016 268.3950440463 22.65417014362977 6.760539152454311 6.542387561583001 6.264161045326515 6.17721678246567 6.137648675959265 6.120706783306296
10972800.0 274.3493853538 272.8595912769 271.9965413492 271.2525993812 269.9892476898 269.0309269101 268.4893566956 22.573584428855018 7.11928374249669 6.600637835500176 6.291205325797105 6.186709871730839 6.142394495676836 6.123643315907966
11059200.0 273.6013206346 272.7726402127 272.0580854057 271.3849175593 270.1460547164 269.1577449626 268.5856022708 22.75281597211099 6.993467034515712 6.615500620672542 6.308046558049742 6.19590645141994 6.147322534084862 6.126732464857929
11145600.0 274.2639772488 272.9613700782 272.2077031267 271.529795375 270.2915810148 269.2815255634 268.6826486685 22.511702050009042 7.363363974535345 6.657389656481787 6.329097051827707 6.205104926823549 6.1523620574878235 6.129946868516342
11232000.0 276.5545878276 273.1611475063 272.3707358805 271.6823530609 270.4327860546 269.4027882044 268.7797654421 22.069812498836093 9.867483030509117 6.715833941568108 6.354705407156588 6.214727039252598 6.1575368501352585 6.133269151311221
11318400.0 275.9561613109 273.199870517 272.4596860203 271.8005154574 270.565048481 269.5206270223 268.8764958421 21.6883245209975 12.582411003715071 6.755932256879453 6.377277526672925 6.2244390978709525 6.1628095146632615 6.136689055923808
11404800.0 273.2699220325 273.1953571511 272.5085851952 271.8853265808 270.6821237805 269.6332356737 268.9719754031 21.534245916958042 12.075927927168797 6.781370016236082 6.39523947972516 6.233667217236091 6.168091327608378 6.140179403873016
11491200.0 273.2252762531 273.180328689 272.5403011551 271.951221796 270.7870620357 269.7409927894 269.0659733778 18.619159091534407 10.847909464780107 6.799445376176288 6.4103934032261565 6.242504115454069 6.173386229644093 6.14373329379599
11577600.0 273.1879289656 273.1571224802 272.5600766485 272.0005431565 270.8765219899 269.8408417036 269.1569951486 11.397298054002032 9.711605038629228 6.81143036458976 6.422507560511506 6.2505045567268995 6.178519318328037 6.147292389785141
11664000.0 273.0038203675 273.108649692 272.5626119274 272.0348415769 270.9530076234 269.9325416349 269.2441618501 7.532529259741962 8.514617041005856 6.813009562751409 6.4312607437660345 6.257719044824081 6.183440329777041 6.150815558045491
11750400.0 273.1727706414 273.0269822926 272.539637175 272.0504169431 271.0174618498 270.0166482393 269.3272508596 10.405440164843009 7.658996428306073 6.799052892757678 6.435076487601483 6.264085943398218 6.18814057582862 6.154284364646804
11836800.0 273.2159801308 272.9103254882 272.4870914277 272.0437190287 271.0687787842 270.0929061261 269.4059006138 15.424616137434603 7.221831834179579 6.7698496542659194 6.43270737005331 6.269349552275746 6.192567104838587 6.157672600781393
11923200.0 273.2247809038 272.8157128539 272.4290896953 272.0228195436 271.1063776164 270.1604499063 269.479429684 18.394526475696917 7.049774376858172 6.741322416181064 6.42665834498499 6.27331416264983 6.196626999941863 6.160937253255757
12009600.0 273.3955506492 272.8299860496 272.4227155921 272.0198065015 271.1368313707 270.219405086 269.547100241 21.760946097407416 7.070842082829075 6.738392957347026 6.425745652849619 6.276605084838175 6.200283619021554 6.164028800275088
12096000.0 273.2320426325 272.8444922988 272.4316183366 272.0291089697 271.1665422293 270.2730375126 269.6102031236 22.755077664988157 7.09371645237514 6.742495106365317 6.428168281385356 6.279896395560897 6.2037062836931955 6.166990391845601
12182400.0 273.2278035327 272.7892419843 272.4105407751 272.0279734253 271.1935325843 270.3223016492 269.6692050502 19.904766155848165 7.013997594261545 6.7329009841467276 6.427692385733129 6.282949077996743 6.206934730246951 6.169831328316518
12268800.0 273.2017417396 272.7568469619 272.39181697 272.0245542996 271.218254457 270.3688044669 269.7255773749 12.819026324543112 6.975130926157676 6.724708987885324 6.426632313852663 6.28579839954873 6.210059791977784 6.172613267212098
12355200.0 273.0541582825 272.7016213507 272.3652636529 272.0172437439 271.2397030367 270.4115665464 269.7783981684 7.8606811559454215 6.918665938023927 6.713587595022704 6.4245486271301235 6.288311603857518 6.213002734725708 6.175282370364013
12441600.0 272.6849566579 272.4954159591 272.254449539 271.9682117242 271.2516218216 270.4498695892 269.8275880811 6.903595650785305 6.774245544497088 6.672537242036984 6.411746601939799 6.289703410467729 6.215697339417054 6.177824450657346
12528000.0 270.1298022663 271.0808682251 271.4546901794 271.5581794977 271.1796320973 270.4689510218 269.8694969276 6.3932977082618825 6.463836921027788 6.50634512248401 6.331192426180981 6.281140904937844 6.217060991256164 6.180034758277046
12614400.0 270.4558793203 270.8371161319 271.0944133759 271.2376497691 271.0588683307 270.4642595394 269.9014369796 6.413305847825985 6.441752042689257 6.465175702791406 6.287686147739709 6.2679088691553915 6.216724381827174 6.181747659098155
12700800.0 273.0237387137 272.116253339 271.6847361934 271.4197059354 271.0118025645 270.4540022049 269.9250549211 7.639256888443935 6.630724799322368 6.540067295120475 6.31112532837532 6.263099327958413 6.215991459948428 6.18303042484181
12787200.0 273.1907066854 272.4804793539 272.0008483539 271.6148070756 271.0212069026 270.4493573152 269.9447866109 11.631887815103738 6.7664154011095325 6.601639776513443 6.340967034338583 6.264087479452833 6.215660927159082 6.1841128600759125
12873600.0 273.2265390102 272.6284605662 272.1566134946 271.7516654067 271.0683197632 270.4585397001 269.9637169698 19.230468560179578 6.857888179703013 6.642048129658056 6.365442697300992 6.268987444158987 6.216315168019412 6.185160677951891
12960000.0 273.2331265652 272.8914790933 272.3606532827 271.9007621528 271.1338624441 270.4822020182 269.9855566451 23.672412319519662 7.180300419079044 6.7117128167378795 6.396798556830102 6.276069709586429 6.21801648045883 6.1863810747466905
13046400.0 274.0871641156 273.0673743835 272.5114537866 272.0305513999 271.210389275 270.5185546792 270.0126216478 25.82629487022343 7.984513431048831 6.782950445354749 6.4290655812260695 6.284778417262656 6.220674344458946 6.187910930107648
13132800.0 273.8894514032 273.1690613044 272.6284102527 272.1428583825 271.2894351524 270.5631947602 270.0446866285 29.41338653666813 10.217546706943198 6.857850746703519 6.461939551757816 6.294324119905175 6.22401368608996 6.189748971883825
13219200.0 273.8720436403 273.1715621134 272.6796835554 272.2164571516 271.3619488035 270.6130785514 270.0817924368 30.312648813162085 10.34233775049852 6.898991196081921 6.4863892015999705 6.303616464163237 6.227848016715947 6.191911465254496
13305600.0 274.5360433908 273.1906017372 272.7201915626 272.2735642756 271.4266646156 270.6639465041 270.1215550649 29.08698223982105 11.622640400193545 6.9364591628365915 6.507417502188416 6.312388882885141 6.231875033091865 6.194272325427628
13392000.0 275.1620300255 273.2073743184 272.7682313605 272.3271806881 271.4855721574 270.7144082344 270.162937427 28.36672089481294 13.6509522368963 6.988236438193921 6.529295573482626 6.320808827044179 6.235992632107188 6.196778741269584
13478400.0 276.6159768565 273.2206501571 272.9131206098 272.4133397958 271.5447930517 270.7644872127 270.2051123625 27.456428326540397 16.794285934009867 7.228400852120013 6.570937817175486 6.3297463757580905 6.240206180471759 6.1993867800132545
13564800.0 275.0721463621 273.228317043 273.1282025079 272.5516696558 271.6156374163 270.8159443418 270.248253393 28.31194132902211 20.19843665022022 8.886363203813191 6.659419090684859 6.341149797219465 6.244674738079985 6.202112579694767
13651200.0 275.9374772756 273.2333944489 273.099911038 272.6150734551 271.6880588349 270.8700404883 270.2926943878 28.276824586274486 23.91375978000996 8.378866375344389 6.707758379044562 6.3536391910203855 6.249532984993016 6.204984168862806
13737600.0 275.498509892 273.2366835298 273.0490319673 272.6307988348 271.746804321 270.9240703584 270.3382653833 28.78752827931762 27.443056108189783 7.816913505744357 6.717808367046408 6.364425308499595 6.25455922640997 6.207998476843291
13824000.0 276.0815810298 273.2387179942 272.9926231536 272.6248780151 271.7909617881 270.9749817365 270.3839090423 28.378869469508178 30.25415757885474 7.481459207278458 6.709252000348508 6.372947480996288 6.259463921114925 6.211091199463349
13910400.0 275.2619249515 273.2400168546 272.9448324826 272.6094816171 271.8227943436 271.0211368265 270.428534297 28.25437198302466 32.32934390776815 7.311878677759334 6.693999291037019 6.379318292223065 6.2640600617340185 6.214189068443595
13996800.0 275.4910053621 273.2415593206 272.9145823787 272.5951025256 271.8459122247 271.0621076821 270.4712925196 28.579280780896134 35.03922021280905 7.231877706731986 6.681253206421023 6.3840677522837215 6.268265690382772 6.2172289235901115
14083200.0 276.5192741849 273.2431081948 272.8972180936 272.5854931207 271.8638438914 271.0983208566 270.511711945 28.30770959170852 37.87505962495368 7.192460591310116 6.673200096839992 6.3878303125472105 6.272086277787748 6.220169499517671
14169600.0 276.8078527981 273.2447401182 272.887235758 272.5800402405 271.8792160145 271.1309962847 270.5499822554 27.948034262600828 40.624760365442874 7.171554437923312 6.668707232222137 6.391118478105952 6.275620572728831 6.223016047002044
14256000.0 275.5137445248 273.9535104837 273.0220326352 272.6220692514 271.8964970221 271.1606218991 270.5858568026 27.655493583263755 40.74886082489341 7.6291662422311015 6.705097995114027 6.394925422332954 6.278899195789319 6.22574147408867
14342400.0 276.0584235675 274.2302636476 273.1091549401 272.6848645486 271.9253077314 271.1897975006 270.6197631474 27.30329431380588 39.69285908934695 8.52296215103799 6.767601925267613 6.401522265638871 6.282199646691017 6.22836993403596
14428800.0 279.6623396681 275.5677526651 273.1914873939 272.7425755518 271.9616912474 271.2210337809 270.6528439 26.734038353772213 37.94452742842514 11.701680977657606 6.839091615782897 6.410195982254969 6.285815032726687 6.2309852930200424
14515200.0 281.1006187267 276.3783056869 273.2183473183 272.7803938201 271.9982308857 271.2535747801 270.6858236532 26.137863696903562 36.134402869534235 16.071515264772678 6.89408514017148 6.4193025057663196 6.289675058465947 6.233644385151122
14601600.0 279.2615919437 275.9125598163 273.227111708 272.8052903727 272.0322090541 271.2865094131 270.718763644 26.410742753421868 36.66346512737672 19.527624650104656 6.934214022091521 6.4281499443669174 6.293683223409576 6.236353549317433
14688000.0 278.9752796695 275.7363351844 273.2319672176 272.8237592788 272.0635051772 271.3192098212 270.7515851803 27.94919389000345 40.42507082600118 22.694590724442193 6.96639197556478 6.436649379576855 6.297768316806848 6.239107729494989
14774400.0 277.4310436746 275.2758019383 273.2347904207 272.8374325533 272.0914163005 271.3510726502 270.7841001907 31.648837752828307 43.866088599043 25.275953446688252 6.991663586817733 6.444530567228594 6.301854346660315 6.241891931895008
14860800.0 277.6362497522 275.2325551823 273.2367237097 272.8482630599 272.1163324901 271.3816752163 270.8160709885 31.133653228422496 43.866088599043 27.493501645659634 7.01270996185172 6.451823218034933 6.3058812160544555 6.244685492944912
14947200.0 276.8184364634 275.0029696207 273.2382074966 272.8572580959 272.1387743501 271.4108638555 270.8473164141 33.667052999129844 43.866088599043 29.498401018443296 7.030967840347682 6.458613133820967 6.309819633191307 6.247471123740895
15033600.0 276.5056863768 274.8390548514 273.239261921 272.8648569981 272.1588005828 271.4382803448 270.8774789865 38.04118461266057 43.866088599043 31.0970156493789 7.04703723471124 6.464859504203817 6.313609370996516 6.250213976872071
15120000.0 276.3551570093 274.7582297929 273.2401544254 272.8716423487 272.1772303163 271.4643261324 270.9066926593 38.33709789566538 43.866088599043 32.5613371081109 7.061938425326003 6.470773438880964 6.317294065336242 6.2529225679399225
15206400.0 275.3605893577 274.384479808 273.2407699331 272.8779258838 272.1945445181 271.48933925 270.9351464823 43.866088599043 43.866088599043 33.624765343733664 7.076268892492627 6.4764815451771485 6.320913120712493 6.255611534499059
15292800.0 276.0219767576 274.5313734308 273.2413480165 272.8837199343 272.2106600882 271.5131327758 270.9626408217 42.315571574356206 43.866088599043 34.65611225797166 7.089967295609085 6.481932955789929 6.324431632010155 6.258259006455205
15379200.0 276.2303190727 274.6618861443 273.2420441666 272.8890800998 272.2257551124 271.5358042306 270.9891926604 36.258316323418605 43.866088599043 35.926390854549794 7.103048805200145 6.487165693577707 6.3278555947437285 6.2608630485023316
15465600.0 277.6388091164 275.1926325925 273.2430360927 272.8940732119 272.2399765681 271.5574648175 271.0148509617 31.45158331736063 43.866088599043 37.74456878643574 7.115605620783029 6.492212325187847 6.3311942543464985 6.263424998126141
15552000.0 278.8556938425 275.7918124138 273.244718589 272.8987978258 272.253293154 271.578001723 271.0394580489 28.925958440623287 43.73225120443985 40.59222567424094 7.127922721528468 6.497044699137046 6.334422579192038 6.265925296573906
15638400.0 277.6815343819 275.4759210027 273.2467787794 272.9036259825 272.2659998297 271.5977120092 271.0632591597 28.55962965808366 43.11767143648279 42.98337937207338 7.141200412571741 6.501756417811451 6.337580402217643 6.268385227880358
15724800.0 276.8793592317 275.2163545072 273.5274792192 272.9520234284 272.2828635264 271.6173332027 271.0864329105 31.83912410822558 43.866088599043 43.866088599043 7.378404787423957 6.508237366903994 6.340783640692285 6.270820678579886
15811200.0 277.4707073058 275.5523060268 273.8986695711 273.0099944635 272.3051338712 271.6377419658 271.1092925477 32.8024988011466 43.866088599043 43.866088599043 7.94653159413713 6.517139166019237 6.344180700955892 6.273263234291987
15897600.0 279.8436216338 276.6967747495 274.3351616274 273.0551711528 272.3304099948 271.6592858978 271.1321359628 29.633952005555408 43.866088599043 43.866088599043 8.949594302918715 6.527685012497318 6.347841357210826 6.275744979229794
15984000.0 282.8812608084 278.371450896 274.947219798 273.0857980829 272.3559285433 271.6817412497 271.1551227901 28.056830411515495 41.88782653723028 43.866088599043 10.65093684542235 6.5388240711347745 6.35174143085056 6.278284772899717
16070400.0 283.3641942581 279.1099375368 275.3284940082 273.1036941836 272.380229227 271.7045790018 271.1782198643 27.4683759613827 40.18531479350733 43.866088599043 12.684836332546721 6.549922795352349 6.355799818005805 6.28088089425065
16156800.0 281.4220244149 278.519236283 275.277528656 273.1144905329 272.4023136363 271.7274667818 271.2014135907 34.396332724930666 43.866088599043 43.866088599043 14.684685624233822 6.5604476059015315 6.359963749385951 6.283533716895135
16243200.0 281.1818851241 278.1338140819 275.1482841751 273.121668386 272.4220232435 271.7499553756 271.2245683576 36.10792065267299 43.866088599043 43.866088599043 16.4586404790825 6.570218488982525 6.364153087883808 6.286229265453272
16329600.0 280.8055165031 277.9642659967 275.1162513878 273.1269829762 272.4393306362 271.7716134825 271.2474750311 35.36956082501889 43.866088599043 43.866088599043 18.120578034511638 6.579111547457233 6.368283253285558 6.288943713877231
16416000.0 280.24541098 277.6578291262 275.0253885603 273.1313992104 272.4549791479 271.7924539298 271.2700407858 43.866088599043 43.866088599043 43.866088599043 19.6762864472788 6.587424144327939 6.372349484093644 6.291665632274393
16502400.0 278.5926334522 276.9552743568 274.8124346029 273.1353179632 272.4690022098 271.8122578907 271.2920786953 43.866088599043 43.866088599043 43.866088599043 21.041235002876643 6.595105181844311 6.3763002983437165 6.294371112938728
16588800.0 276.8340787376 275.8924336706 274.4088311445 273.1390358516 272.4817507724 271.8310282613 271.3134800232 43.866088599043 43.866088599043 43.866088599043 21.992089780897096 6.602290874235913 6.380125910795797 6.297044439429135
16675200.0 277.8851333326 276.1333177189 274.504143378 273.2437106083 272.497116078 271.8492069905 271.3342128947 43.866088599043 43.866088599043 43.866088599043 22.635539575801044 6.611342640885059 6.383908782703145 6.299678747905426
16761600.0 276.7734217979 275.7203206555 274.4750561759 273.3624185817 272.5162635799 271.8676575144 271.3546038541 39.7429020475214 43.866088599043 43.866088599043 22.997737856932584 6.623168149577091 6.387829327899779 6.30231354007216
16848000.0 276.8320192162 275.6499727604 274.4648004573 273.3952847517 272.5365817164 271.8865760642 271.3748332606 37.39537831469558 43.866088599043 43.866088599043 23.369664533302437 6.636317779022222 6.391937253870343 6.304971731208307
16934400.0 278.324562934 276.2458440677 274.6912054997 273.4509999004 272.5564792341 271.9057371474 271.3949815795 32.87525588598843 43.866088599043 43.866088599043 23.802982731872675 6.649828751533344 6.396191995120814 6.307664353483416
17020800.0 280.0644846332 277.2786835086 275.1886636834 273.5591158867 272.575417773 271.9250378809 271.4150797404 29.893811960055665 43.866088599043 43.866088599043 24.440924693472144 6.663317604461392 6.4005772374531364 6.310396390768816
17107200.0 277.9451107359 276.8237541722 275.2042304797 273.5957926392 272.5931438003 271.9442153927 271.4351013437 35.60170563495103 43.866088599043 43.866088599043 25.185033374025355 6.676546131233802 6.405037281085143 6.313165148008453
17193600.0 277.2182911832 276.1425758803 274.8630607565 273.5426218568 272.6092965498 271.9630383181 271.4549772917 36.21527963378023 43.866088599043 43.866088599043 25.802793485467436 6.689136524007558 6.409518471968992 6.315961647340736
17280000.0 280.3789954026 277.2344754201 275.1662060337 273.5872759081 272.6237789261 271.981287952 271.4746073229 31.3553109644819 43.866088599043 43.866088599043 26.47639026903411 6.700887278155991 6.4139650729787805 6.318771748503748
17366400.0 281.7606020545 278.4689802423 275.8375075752 273.7274667985 272.6368431934 271.9988489272 271.4939038692 28.858435451182704 43.65017819531058 43.866088599043 27.515066950274463 6.711893950263071 6.418342298761769 6.321582166999034
17452800.0 278.074525292 277.2581515905 275.5734184383 273.716104477 272.6486831438 272.015641064 271.5127728046 38.7541096612201 43.866088599043 43.866088599043 28.666873305200653 6.722225551359136 6.422621618831914 6.324377723075862
17539200.0 278.9473210224 277.0617999955 275.3261596229 273.664491644 272.6594149277 272.0316446853 271.5311471869 38.36835055450898 43.866088599043 43.866088599043 29.610635986267283 6.731896821584096 6.426788444071871 6.327146368959005
17625600.0 277.9448530886 276.6862807853 275.1669006673 273.6378902795 272.6692042341 272.0469140023 271.5490194197 39.19613043087064 43.866088599043 43.866088599043 30.465905935799245 6.740986095056261 6.4308474475962925 6.329884492624434
17712000.0 278.3765593333 276.6766103223 275.0987540077 273.6229781171 272.678178708 272.0614845102 271.5663764972 37.59960122453277 43.866088599043 43.866088599043 31.245538970335737 6.749554530583232 6.434799233230769 6.332587501825433
17798400.0 277.96736665 276.5248787077 275.0386786012 273.6148086921 272.6863292005 272.0752514636 271.5830994723 38.39626091836657 43.866088599043 43.866088599043 31.987160453803256 6.75754032894853 6.438605917128928 6.335233642360785
17884800.0 278.1683426365 276.5650746888 275.0438735798 273.6175469201 272.6939034038 272.0884055932 271.5993128987 35.02028318938232 43.866088599043 43.866088599043 32.72703785351849 6.765145828522977 6.442311398974867 6.337839497174451
17971200.0 279.5851777773 277.2178705283 275.3169469145 273.6712153227 272.7009852731 272.1009907611 271.6150285548 31.191192292132442 43.866088599043 43.866088599043 33.60223026832081 6.772425374940384 6.445920977683405 6.34040424940114
18057600.0 279.7985629841 277.51217553 275.5075884031 273.7173830713 272.7076477033 272.1130502497 271.6302629063 30.97333060056792 43.866088599043 43.866088599043 34.58838056185522 6.779429419596582 6.449440622410735 6.342927943467146
18144000.0 282.18759447 278.711463077 276.0507797181 273.8290156791 272.713966841 272.1246272449 271.6450354008 28.57261735066629 43.1415751181391 43.866088599043 35.853662361602474 6.786219807412932 6.452877096014641 6.345411256744861
18230400.0 284.1873361138 280.0542900739 276.7545317327 274.0483555806 272.722507731 272.1360241259 271.6594150077 27.684246938792317 40.82893313829284 43.866088599043 37.276636064414 6.795894265942122 6.456316839025554 6.347863531527185
18316800.0 285.2560365247 281.0741601535 277.5650737557 274.7970908057 272.741876863 272.1484517099 271.6736772086 27.0321649222542 38.856528117741156 43.866088599043 37.276636064414 6.8198647593434 6.4601336905809745 6.35033072662231
18403200.0 284.8026733248 281.2370397872 277.9356497543 275.1148903493 272.7622668599 272.1621743768 271.6880918621 26.615406388513886 37.572493628064095 43.866088599043 37.276636064414 6.846873578870682 6.464430834057157 6.352860513852694
18489600.0 283.3043653002 280.6100870319 277.8083119603 275.1683735093 272.7802313285 272.1767264907 271.7027653563 26.42621162408861 36.99263782586664 43.866088599043 37.276636064414 6.872312156336639 6.4690856141088515 6.355474052059488
18576000.0 282.3811954093 279.8811210017 277.4984301212 275.0963524414 272.7954716338 272.1915236388 271.7176514448 27.95002793637003 40.8026781371988 43.866088599043 37.276636064414 6.89525734235764 6.473925937550445 6.358165967524844
18662400.0 282.1439460999 279.714389533 277.3449008028 275.0425616048 272.8083347439 272.2061218149 271.7326253945 27.44500231914503 40.11290822409872 43.866088599043 37.276636064414 6.915703619488309 6.4788111311472605 6.360916004385662
18748800.0 283.5539182537 280.3321749215 277.5666729533 275.1167128479 272.8192698648 272.2202502004 271.7475465207 27.003463993027008 38.76325896173163 43.866088599043 37.276636064414 6.933936337209209 6.483647124806928 6.363699584593894
18835200.0 284.4557064734 280.9464930884 277.8924842857 275.2573205388 272.8286772524 272.2337712184 271.7622918545 26.487563281850083 37.17915607476063 43.866088599043 37.276636064414 6.950300738359893 6.488378501143889 6.366493905308093
18921600.0 284.9661004934 281.3632069538 278.1708989386 275.3989795377 272.8368863004 272.2466344773 271.7767680737 26.14533837720616 36.13733231360734 43.866088599043 37.276636064414 6.965135599155831 6.492976936848189 6.369280444595338
19008000.0 285.7618513355 281.8865619932 278.4827504483 275.5522408727 272.8441929283 272.2588446796 271.7909120145 25.74882139310999 34.97108492914687 43.866088599043 37.276636064414 6.978819787639756 6.497432754439146 6.372045469556522
19094400.0 285.5592625505 281.9599050621 278.6092582092 275.6435710287 272.850930417 272.2704462035 271.8046834892 25.318979028875894 33.75307256499371 43.866088599043 37.276636064414 6.991910702185737 6.501751239031773 6.374779040335631
19180800.0 281.336295323 279.9252353637 277.9829099749 275.7503928103 272.8752982479 272.2825412564 271.81826156 27.356314679489117 38.2271281394099 43.866088599043 37.276636064414 7.050970034337317 6.506344406142067 6.377515202042242
19267200.0 279.3894407309 278.5342122897 277.1955040961 275.5587823186 272.9027473266 272.2960616574 271.8318417475 42.3353711728024 43.866088599043 43.866088599043 37.276636064414 7.128769089347045 6.511592740217165 6.380293534564934
19353600.0 279.9764244708 278.4188009449 276.887720185 275.3446509042 272.9242265678 272.3112971525 271.8457869278 43.866088599043 43.866088599043 43.866088599043 37.276636064414 7.198923463093953 6.5176566860195155 6.383191116511369
19440000.0 280.3334909321 278.5645779095 276.8828241548 275.2947259909 272.9398678021 272.3270953304 271.8602914035 43.866088599043 43.866088599043 43.866088599043 37.276636064414 7.2564425181199415 6.5241197622212885 6.3862541219585856
19526400.0 279.7207929357 278.3469335935 276.8028214128 275.2642962008 272.9522025232 272.34245595 271.8750294814 43.866088599043 43.866088599043 43.866088599043 37.276636064414 7.3068197761627935 6.530582938745673 6.389419293625671
19612800.0 280.8249258093 278.6960355281 276.8836846149 275.2733397501 272.9623672502 272.357088194 271.8897702221 43.799087054636615 43.866088599043 43.866088599043 37.276636064414 7.352410425058391 6.536911688272537 6.392639843768961
19699200.0 282.6827480484 279.7092501167 277.3609700533 275.4582961827 272.9708654598 272.3708578085 271.9043353126 39.86721455556965 43.866088599043 43.866088599043 37.276636064414 7.39375702751951 6.543027746301415 6.395877425387339
19785600.0 282.9500483056 280.2440845789 277.8074293459 275.718261866 272.9780426214 272.3836988379 271.918562052 37.05491742752433 43.866088599043 43.866088599043 37.276636064414 7.431260391796787 6.5488777350528 6.39909452023622
19872000.0 280.6810773171 279.4284778102 277.6374222256 275.7622538068 272.9842589671 272.3957221676 271.9323898355 43.866088599043 43.866088599043 43.866088599043 37.276636064414 7.465595567933128 6.554488678887532 6.402274723594969
19958400.0 280.3443130949 278.9298190603 277.3252930587 275.641147436 272.9897125538 272.4069936468 271.9457810785 43.866088599043 43.866088599043 43.866088599043 37.276636064414 7.496903702580217 6.559870687896563 6.405406055595206
20044800.0 281.7915745042 279.4071843235 277.4084214354 275.6201121454 272.9945366776 272.4175814828 271.958721789 41.83731842474557 43.866088599043 43.866088599043 37.276636064414 7.525538681788197 6.565037845330924 6.4084815494535805
20131200.0 281.4006183104 279.4770522725 277.5122246373 275.6756109683 272.9988521542 272.4275502412 271.9712127182 43.866088599043 43.866088599043 43.866088599043 37.276636064414 7.551961820538836 6.5700052628071095 6.4114975605364695
20217600.0 281.6564181279 279.577751598 277.5752677381 275.7183844735 273.0027658206 272.4369613346 271.9832648512 43.866088599043 43.866088599043 43.866088599043 37.276636064414 7.576666832485284 6.574789083565069 6.414452941543566
20304000.0 281.847486077 279.7241809969 277.6693011013 275.7725846188 273.0063863089 272.4459000347 271.9949212549 43.866088599043 43.866088599043 43.866088599043 37.276636064414 7.600262443189636 6.579420387861209 6.417354720753484
20390400.0 279.7634601012 278.9232460052 277.4251060655 275.7302491736 273.0098069152 272.4543974644 272.0061812082 43.866088599043 43.866088599043 43.866088599043 37.276636064414 7.623408628325116 6.583904720710704 6.420199388843059
20476800.0 279.1229943421 278.2181173972 276.964055679 275.5093923979 273.0132364927 272.4623938928 272.0169418808 41.20593841368706 43.866088599043 43.866088599043 37.276636064414 7.6480784309940075 6.588199572456576 6.422957043661598
20563200.0 279.7948344009 278.2279814498 276.8113862202 275.4409125202 273.0403112457 272.4707029189 272.0274800626 36.99891147689063 43.866088599043 43.866088599043 37.276636064414 7.994752869401186 6.592741589603153 6.4256956266012795
20649600.0 281.3594144214 278.9496711942 277.1072863624 275.5820172181 273.0687988208 272.4805302224 272.0379995443 32.543351767578386 43.866088599043 43.866088599043 37.276636064414 8.540357940213744 6.598221194802208 6.42846768514927
20736000.0 280.1647250398 278.7570090348 277.1874065753 275.7026838511 273.0901290501 272.4920480203 272.048856096 36.984949133972016 43.866088599043 43.866088599043 37.276636064414 9.13438633256146 6.604797402034519 6.4313696906209135
20822400.0 276.7049635266 277.0904636206 276.5073780476 275.4971215783 273.1059793654 272.5045409933 272.0601506411 40.46439581584653 43.866088599043 43.866088599043 37.276636064414 9.698147735627666 6.612126414495796 6.4344342051754655
20908800.0 276.117269045 276.1494418944 275.8136557843 275.1258036313 273.1158441782 272.5172052765 272.0718145828 42.783726369828635 43.866088599043 43.866088599043 37.276636064414 10.155280792674638 6.619774064399085 6.437648834111501
20995200.0 277.2090488981 276.3065875426 275.6095054685 274.8878354356 273.1211235301 272.5292230721 272.0836398582 39.70383283921124 43.866088599043 43.866088599043 37.276636064414 10.515548762753282 6.6272444307589575 6.440961067587526
21081600.0 276.193988324 275.9465473746 275.4094132933 274.7394711606 273.1256597264 272.5402470862 272.0953965786 43.866088599043 43.866088599043 43.866088599043 37.276636064414 10.832256581499143 6.634288361762417 6.444308603827182
21168000.0 275.2155329052 275.2914605001 275.0230156839 274.5295032275 273.1295559828 272.5503667074 272.1069069181 43.45002193493391 43.866088599043 43.866088599043 37.276636064414 11.118737155853378 6.640922912976438 6.4476400997961445
21254400.0 275.7083711606 275.2332105042 274.8228679099 274.3551252447 273.1328185133 272.5597251954 272.1180798523 39.53567763372141 43.866088599043 43.866088599043 37.276636064414 11.356248103463695 6.647208118714162 6.450926558923678
21340800.0 276.2005208546 275.4465330203 274.8446186749 274.298351734 273.135555446 272.5684402523 272.1288809897 35.472289433082885 43.866088599043 43.866088599043 37.276636064414 11.548455412992906 6.653195687391771 6.454154269152042
21427200.0 273.6222550682 274.3840162389 274.414536899 274.127037484 273.1378397216 272.5765744109 272.1392854382 34.75952358236705 43.866088599043 43.866088599043 37.276636064414 11.697297873192511 6.658905596236969 6.457311730795571
21513600.0 274.9635072301 274.581760607 274.3213866101 274.0109595652 273.1396435298 272.5841550511 272.1492650904 31.680268734577513 43.866088599043 43.866088599043 37.276636064414 11.78736191874527 6.664336269540255 6.4603859526632945
21600000.0 275.5310364572 274.8735162789 274.404890393 274.0002922996 273.1412076186 272.5913070867 272.1588924059 30.232112088504447 43.866088599043 43.866088599043 37.276636064414 11.858258388192064 6.6695598520892965 6.46339507942621
21686400.0 274.6426156246 274.5382187431 274.2699360697 273.9392269739 273.1425620201 272.5980705267 272.1681823597 29.48881348178795 43.866088599043 43.866088599043 37.276636064414 11.910232470202047 6.674591771177786 6.466340188382825
21772800.0 274.3741050653 274.3050353639 274.1211463908 273.8582465195 273.1437509689 272.6045451167 272.1772138003 32.620957955677994 43.866088599043 43.866088599043 37.276636064414 11.944540010856922 6.679495301308444 6.469243276110771
21859200.0 274.902314812 274.4229035798 274.0999740611 273.8101598897 273.1447380174 272.6106867796 272.185931505 31.516420073707437 43.866088599043 43.866088599043 37.276636064414 11.954405171575415 6.68422721887234 6.472083722871066
21945600.0 274.7816384545 274.4496611507 274.1191639217 273.8062004991 273.145590411 272.6165109619 272.1943383932 30.09892193057695 43.866088599043 43.866088599043 37.276636064414 11.95412111711874 6.688789026975267 6.474859250099506
22032000.0 275.4156051804 274.7366918612 274.2485736309 273.8566924881 273.1464127193 272.6220232171 272.2024251217 29.355681141018973 43.866088599043 43.866088599043 37.276636064414 11.965635376310997 6.6931751422555825 6.477563496709621
22118400.0 276.1552162736 275.1789306966 274.4896057785 273.9722091324 273.1473317101 272.6272925381 272.2102524172 28.822179290683412 43.59889853390136 43.866088599043 37.276636064414 12.011772879649307 6.6974319810996406 6.480213819929564
22204800.0 277.7742646859 276.1009247041 274.9863523467 274.2156583243 273.1485228969 272.6323458694 272.2178355529 28.319646746736087 42.57098184156568 43.866088599043 37.276636064414 12.131603710595321 6.701574606213268 6.482812913913297
22291200.0 277.5388918194 276.285681509 275.2435235713 274.4089443247 273.1499866097 272.6372108961 272.2251903282 29.894355345385218 43.866088599043 43.866088599043 37.276636064414 12.328462501216302 6.705619982465657 6.485363900936943
22377600.0 275.267615508 275.4282138784 275.0125420655 274.414288701 273.1515245623 272.6419366421 272.2323708381 34.34693932106597 43.866088599043 43.866088599043 37.276636064414 12.559096661010722 6.709604473349483 6.487883669605427
22464000.0 274.3308098865 274.6258041645 274.5503083379 274.2190390191 273.1529486372 272.6465123232 272.2393481946 34.149467374536414 43.866088599043 43.866088599043 37.276636064414 12.770274668493357 6.7135152173890145 6.4903603491739945
22550400.0 274.5546624143 274.4347226327 274.288184312 274.02782899 273.1541241816 272.6509549403 272.2461394549 32.56472678587281 43.866088599043 43.866088599043 37.276636064414 12.917877904132812 6.717363050030082 6.492798177757593
22636800.0 273.506889377 273.8806867566 273.9533569573 273.8271819553 273.1549697616 272.6552490108 272.2527222152 32.342113712553775 43.866088599043 43.866088599043 37.276636064414 12.974715518506326 6.721130864383237 6.495187256840004
22723200.0 273.9878924094 273.9056075514 273.8407900142 273.706300136 273.1555968486 272.6594191712 272.2591427927 30.891691451387413 43.866088599043 43.866088599043 37.276636064414 12.975190084482305 6.72483671322884 6.497542676037053
22809600.0 274.9154901572 274.3208488695 273.9742971469 273.7132776738 273.1561206606 272.6634667291 272.2654083113 30.166612736450983 43.866088599043 43.866088599043 37.276636064414 12.957678067994525 6.728478609166767 6.499865635622875
22896000.0 274.8968984164 274.4330747369 274.0571358075 273.7463875136 273.1566137692 272.6673941313 272.2715247358 29.257467873282643 43.866088599043 43.866088599043 37.276636064414 12.944128373095374 6.73205564637849 6.502157001541178
22982400.0 274.8659422675 274.4614980107 274.0964469906 273.7734257883 273.1571035961 272.6712053293 272.277497433 28.860398901111584 43.65509133212628 43.866088599043 37.276636064414 12.94062187530453 6.735568405100943 6.504417496194533
23068800.0 273.9369229961 274.0403580433 273.9214099654 273.7123553643 273.1575359381 272.6749049989 272.2833314994 28.757459090565305 43.49441022691092 43.866088599043 37.276636064414 12.927589311677442 6.739018303758586 6.506647813081204
23155200.0 275.2563551671 274.5230220112 274.085243337 273.7575259502 273.1579648758 272.6784983557 272.2890319047 29.813855722310006 43.866088599043 43.866088599043 37.276636064414 12.92170414708937 6.742407462441459 6.50884866715216
23241600.0 275.6112466648 274.8393432513 274.2760674144 273.8502317285 273.1584572958 272.6819914456 272.2946036428 28.773283176934196 43.52118521760181 43.866088599043 37.276636064414 12.942416698746419 6.745739009878273 6.511020851605757
23328000.0 275.0431525194 274.682176431 274.2707962313 273.8816452517 273.1589977835 272.6853908915 272.3000518057 29.321175667767957 43.866088599043 43.866088599043 37.276636064414 12.98262883902094 6.749016879477298 6.513165267548756
23414400.0 275.5009423517 274.867417966 274.3599915553 273.9306500078 273.1595887305 272.6887035419 272.3053816128 28.55617635195489 43.110999793687704 43.866088599043 37.276636064414 13.042271226507225 6.752245492612886 6.515282937318997
23500800.0 275.9950503657 275.1650715964 274.525150748 274.0161370985 273.1602578396 272.6919363435 272.3105982738 28.129844767751564 42.08751663456966 43.866088599043 37.276636064414 13.130430180008254 6.755429641256241 6.517374951444466
23587200.0 275.1437415751 274.8654162963 274.4478826169 274.0164139371 273.1609550804 272.6950957767 272.3157063471 27.89547051216294 41.443991491145795 43.866088599043 37.276636064414 13.230554870218759 6.75857392573939 6.519442207274441
23673600.0 273.8643375426 274.1701857918 274.1177069348 273.8842827687 273.1615670621 272.6981869822 272.3207114626 28.076608574951024 41.84091194277742 43.866088599043 37.276636064414 13.303404152726262 6.761681845660022 6.521486103689243
23760000.0 276.3461981054 274.9893635091 274.3132460035 273.8905891854 273.1621256618 272.7012241978 272.3256371466 27.735709462756013 40.98579628522623 43.866088599043 37.276636064414 13.360529814398587 6.764766382860129 6.52351552261904
23846400.0 276.1367792427 275.3277254468 274.5974591184 274.0331287763 273.162731618 272.704199311 272.3304677455 27.39457984327989 39.96794281609966 43.866088599043 37.276636064414 13.440057806578617 6.7678180453438435 6.525523326680235
23932800.0 274.1656583941 274.523908224 274.3620477091 274.0103941967 273.1634020138 272.7071156509 272.3352075201 27.246757114821683 39.51287033915344 43.866088599043 37.276636064414 13.547632186376756 6.770838909468253 6.527510531228746
24019200.0 274.0960068899 274.1507317181 274.0788170259 273.8694105326 273.164003261 272.7099744323 272.3398564028 26.985287133629814 38.71331993373065 43.866088599043 37.276636064414 13.631268557117897 6.773828952356688 6.529476370524191
24105600.0 273.6610322102 273.8436901336 273.8528195352 273.7264360987 273.164474663 272.7127803299 272.3444223502 26.759548149089575 38.01398598139391 43.866088599043 37.276636064414 13.667592044833105 6.77679186014658 6.531423509924329
24192000.0 273.2350513054 273.4840682103 273.6001120754 273.5698929371 273.1647945044 272.7155348833 272.3489096916 25.551448602250375 36.87561594183863 43.866088599043 37.276636064414 13.649683056635896 6.779728137861796 6.533353157915334
24278400.0 273.2325084071 273.3624961006 273.4425918245 273.4404599336 273.1649792021 272.7182437687 272.3533302911 23.13802887339435 35.325256105634764 43.866088599043 37.276636064414 13.586025943264552 6.782642813505476 6.535269860945853
24364800.0 273.227536028 273.3073226841 273.3593951226 273.360361393 273.1649965694 272.7208945062 272.3576675053 19.756493537886325 33.448480512677826 43.866088599043 37.276636064414 13.472181515325918 6.785521324251487 6.537165817220978
24451200.0 273.2224441284 273.272618547 273.3071059833 273.3087253389 273.1648929124 272.7234896424 272.3619310062 17.43490022258073 31.6051099512445 43.866088599043 37.276636064414 13.330305016357029 6.788365144100025 6.539044628155805
24537600.0 273.2059351083 273.2443077532 273.2720605132 273.2767027914 273.164712428 272.7260269816 272.3661217436 13.419033954538243 30.106632502784443 43.866088599043 37.276636064414 13.179848777061487 6.7911705746123685 6.540906138489417
24624000.0 273.1423506065 273.2372581407 273.254162316 273.2585350471 273.1644843897 272.7285076578 272.3702438339 9.236475482684668 28.183426486445846 42.34268368383826 37.276636064414 13.03073113790143 6.79393755655594 6.5427516261506335
24710400.0 272.6003253134 273.235927213 273.2474713071 273.2505841662 273.1642104677 272.7309286786 272.3742950905 6.837748115171645 26.5291671979226 38.57318582724452 37.276636064414 12.883476931315549 6.796661408514581 6.544579568254677
24796800.0 272.8077306002 273.2345877639 273.2449688919 273.249289418 273.1638913289 272.7332848435 272.37827035 7.038559216892963 25.066703845256036 35.653363528485045 37.27333046744287 12.738516039742626 6.799334816473077 6.546387049522582
24883200.0 272.0637545453 273.2318641473 273.2441507466 273.2490231373 273.1635270611 272.7355682245 272.3821607516 6.616931540391699 22.6125973783626 31.66708781820887 37.2685081757017 12.59638577235001 6.80194713909995 6.548169380572168
24969600.0 271.188298979 273.2282097172 273.2419153672 273.248804811 273.163123069 272.7377912733 272.3859808438 6.474824991406586 20.136050224547592 29.67640603005415 37.26177072107387 12.456701765762096 6.804511047827191 6.549932594228122
25056000.0 271.3764034334 273.2236014336 273.2381271701 273.2469209572 273.1626797089 272.7399549493 272.3897313992 6.496364229825817 17.890687765848494 27.78787795880272 36.874520421911804 12.319530657974845 6.807026269297769 6.551676491910349
25142400.0 272.3770434484 273.2197027779 273.2360336511 273.2457783725 273.1622009768 272.742079472 272.3934359149 6.718452103541951 16.484516245063272 26.65375639971189 36.25737125040192 12.18393164409628 6.809515221233295 6.553411565813961
25228800.0 272.7647640968 273.2176805214 273.2354414302 273.2451326101 273.161679757 272.7441368796 272.397061084 6.98418482911236 15.880284053145608 25.97664870034445 35.81937667844982 12.05157179519476 6.811943956203892 6.555121730384604
25315200.0 272.3521014586 273.2147704583 273.2348619814 273.2446298571 273.161119744 272.7461398141 272.4006218587 6.708277486489166 15.125764535290688 25.350833779167026 35.44261322371357 11.921832640384027 6.81432600898335 6.556813459302829
25401600.0 271.018726107 273.2049184797 273.2342410095 273.2441248967 273.1605196719 272.7480754783 272.4041031914 6.457855963970829 13.263757671106676 24.71800834000955 35.027144946270376 11.795586840807664 6.816644782183009 6.558479022613263
25488000.0 270.7323178812 273.1848678375 273.233551868 273.2445238372 273.1598822038 272.7499563008 272.4075195672 6.433279636711495 11.161151639754392 24.05845496315621 34.585056558728674 11.672211681630667 6.818913794901833 6.560124766860763
25574400.0 270.6709026218 273.1356135146 273.232719976 273.2445613291 273.1592076778 272.7517832018 272.4108719543 6.428560981357662 9.059307277196403 23.317478370250843 34.11753763058239 11.551768938842448 6.821132971073117 6.561750651402612
25660800.0 270.1112813668 272.7936476724 273.2313234508 273.2441380587 273.1584965696 272.753557041 272.4141613143 6.392256953296399 7.019680207930035 22.19473897462354 33.59899861108566 11.434316007465936 6.823302201614243 6.563356644617039
25747200.0 270.9460908544 272.3118347865 273.2300902933 273.2428268319 273.1577496274 272.7552786151 272.4173885915 6.451181640839292 6.692800362075699 21.31345425982281 33.204488384229556 11.319924394343907 6.825421340124949 6.564942718740405
25833600.0 270.3220076181 271.8190322407 273.2279612619 273.2416206426 273.1569676607 272.7569486552 272.4205545755 6.404682114142315 6.563589632388109 19.993684143033665 32.832717301973794 11.20864004989731 6.827490196155173 6.566508781326655
25920000.0 266.9917943367 270.2049816193 273.2221624502 273.2402782234 273.1561503397 272.7585787568 272.4236724703 6.290042282164412 6.39762050543415 17.329259430534403 32.31195928729503 11.099749856194661 6.829522200271869 6.568060950057008
26006400.0 266.0914184597 269.6121495547 273.2078793063 273.2392744201 273.1552986737 272.7601585141 272.4267305399 6.273910810663071 6.367303852929091 13.735914186560706 31.47992849407196 10.99406872208987 6.831503470413469 6.569592975298407
26092800.0 265.4652782214 269.3727572592 273.1640337959 273.2380979871 273.1544136278 272.7616917791 272.4297336099 6.264374608613742 6.357096812366582 9.987937841165442 30.3930344608403 10.891387549493025 6.833437863108908 6.571106834654676
26179200.0 267.5800236847 270.2540933951 272.9373986088 273.2367750034 273.1534970838 272.763175795 272.4326788717 6.302588692015642 6.400532954687874 7.290682916946312 29.145895269434984 10.79198115140866 6.835320951556362 6.572600682052602
26265600.0 268.689188898 270.5967689554 272.3479204948 273.2353037457 273.1525522475 272.7646073018 272.4355629493 6.332532592805693 6.423088815815098 6.706617572746135 27.844145089440143 10.696148895677192 6.837147600768744 6.574072347142059
26352000.0 269.7551776265 271.0714679724 272.3333193726 273.2339001197 273.1515850291 272.7659797636 272.438378599 6.373900019933916 6.462915355440705 6.700918907681849 26.75023167454261 10.604422598440523 6.838908389478876 6.575517628764153
26438400.0 270.4548417322 271.4696756835 272.4472396672 273.2325945321 273.1505952253 272.7673048254 272.441138602 6.413236599936814 6.508333071180329 6.749876477882604 25.858797682220228 10.515988531075234 6.840617253180655 6.5769426101415815
26524800.0 270.830542255 271.7171563498 272.5437445036 273.2313293919 273.1495852454 272.7685833803 272.4438436999 6.441204109810546 6.545448009325839 6.801490876285981 25.103197418545818 10.430843560509876 6.842274486695 6.578347259652577
26611200.0 271.0776911498 271.882850096 272.615044624 273.2300583545 273.1485577201 272.769816352 272.4464947126 6.463524765813518 6.576028242059171 6.848090687138732 24.438605971807434 10.348975612431994 6.843880466463744 6.579731596886011
26697600.0 271.5510023023 272.1372266914 272.714444667 273.2289013795 273.1475154682 272.7710046952 272.4490924598 6.519594194441127 6.636526340357113 6.930833874135953 23.908187772110455 10.270363958280914 6.84543565046764 6.581095652628656
26784000.0 266.8113258278 269.8879288819 271.9056764774 273.2246507552 273.1464614368 272.7721494097 272.4516377828 6.286540870131658 6.380398228247148 6.580702991586115 22.516737904399154 10.194977242635284 6.846940598359462 6.582439480283022
26870400.0 264.8029276674 268.4243304681 271.2061517163 273.2130368299 273.1453912415 272.7732610803 272.4541425933 6.255457113310691 6.3244524422832535 6.476736834404385 20.53126481286128 10.122021809426924 6.848408595964712 6.583769036569815
26956800.0 265.2471939129 268.4262627759 271.143157854 273.1684548474 273.1443120549 272.7743332866 272.4565994641 6.261317317544824 6.324508969655949 6.4701027905717545 18.373567017030865 10.052049320927235 6.849830584822258 6.585080066927634
27043200.0 265.5899343241 268.4967757424 270.9117170932 272.8747562057 273.1432326422 272.7753604917 272.4590017406 6.266180099740473 6.326595270110334 6.448134599046884 16.63043639725704 9.985534797600126 6.85119855448495 6.586368650182398
27129600.0 267.3972411284 269.3027960094 271.0549638331 272.762209863 273.1421612853 272.7763402899 272.4613457358 6.298488818791959 6.354291594854319 6.461312066365354 15.30681861558464 9.922707336842162 6.852508589112993 6.587632398023764
27216000.0 268.3627325826 269.913004635 271.3269726337 272.7902410169 273.1410944266 272.7772822432 272.4636417221 6.322668076669997 6.381669425821963 6.490389229853875 14.156862609159461 9.862835641767544 6.853772840379056 6.588876468624884
27302400.0 268.6813982799 270.188277086 271.4910625237 272.8231702276 273.1400350893 272.7781879111 272.4658907503 6.332284925900317 6.396646090290587 6.5112157379479925 13.11277675125412 9.805848596565406 6.854992871545971 6.59010109987034
27388800.0 268.9386687541 270.3802987148 271.6071344933 272.8486471012 273.1389862216 272.7790589136 272.4680939263 6.3408158344573975 6.408361818602517 6.527869606640846 12.150350013547632 9.751670121332536 6.856170373616144 6.591306573142819
27475200.0 268.9284452221 270.417921917 271.6453049933 272.8577414213 273.1379506545 272.7798969282 272.4702524042 6.340462327887722 6.410797795301132 6.533753924059496 11.227492332693016 9.700219677369365 6.857307160485596 6.592493210359621
27561600.0 268.986357184 270.4606401843 271.6728206481 272.8610507127 273.136931068 272.7807036862 272.4723673804 6.342481600287577 6.413624087319383 6.538133418594328 10.33922450172122 9.651412957129482 6.858405162849235 6.593661370856336
27648000.0 268.9160758954 270.4355901051 271.6657682448 272.8541234806 273.1359299617 272.781480969 272.4744401026 6.340036302141639 6.411958820900235 6.53699957895538 9.470953457845008 9.605162468911143 6.859466422806919 6.594811456859051
27734400.0 269.2627059671 270.6095917752 271.7414566451 272.856333259 273.134949632 272.7822306002 272.476471857 6.352717653052014 6.42401852881312 6.549599717803596 8.690761781646806 9.561378215780353 6.860493081204317 6.595943906830468
27820800.0 268.8550146115 270.4308280173 271.6639267689 272.8200540471 273.1339921512 272.782954436 272.4784639676 6.33795970558107 6.411644800618316 6.536704820075569 7.926736412866826 9.519968162978893 6.86148736392256 6.59705919524625
27907200.0 267.3275693587 269.5906925718 271.2325536821 272.6639781579 273.1330593449 272.7836543551 272.4804177937 6.296976096761715 6.36634804104716 6.479611966236984 7.08753540015381 9.480838353724183 6.862451566069219 6.598157831357433
27993600.0 267.8517306228 269.6489295622 271.1080033926 272.445691259 273.1321527752 272.784332246 272.4823347242 6.309062775971665 6.368962202508294 6.466532001012378 6.661937412158774 9.443893123494025 6.863388033041778 6.599240356305216
28080000.0 268.454088777 269.9153939335 271.1461433257 272.3156202506 273.1312737364 272.7849899927 272.4842161661 6.325326771519444 6.381791304235462 6.470410267739645 6.558782800846334 9.409035796272157 6.864299138616419 6.600307336377615
28166400.0 265.6893234195 268.4581349527 270.37281192 271.9826609205 273.1304232236 272.7856294641 272.4860635571 6.2676513005789785 6.325446280997467 6.407882864858612 6.443360438473307 9.376167689560283 6.865187269165104 6.601359370468519
28252800.0 265.2117369133 267.8897726969 269.9244376475 271.7399316681 273.1296019049 272.7862524952 272.4878783359 6.26083196634424 6.310008215300218 6.382253825290756 6.386621971862694 9.345187366783957 6.866054794945102 6.60239707288571
28339200.0 267.0762744916 268.7624416288 270.294154001 271.8385063315 273.1288101235 272.7868608746 272.4896619478 6.291733634325189 6.33489282453857 6.402962900588896 6.405324810100791 9.315991331719024 6.866904050528759 6.603421076381444
28425600.0 263.1420373783 266.8848059467 269.4198135065 271.5507044019 273.1280402913 272.7874582052 272.4914204689 6.2370616380271535 6.28794861394424 6.359026916369632 6.353813801888639 9.28817954493056 6.86773994032853 6.604434702762499
28512000.0 263.79877916 266.7258292831 269.1135843395 271.3538191145 273.1272979758 272.7880436028 272.493150233 6.243758100347286 6.28493280719323 6.347066190820543 6.32356724062119 9.261876304940298 6.868561117327076 6.605435681117568
28598400.0 265.8459375653 267.8402386393 269.6586187804 271.5140763649 273.1265796933 272.7886172341 272.4948484744 6.270029029384785 6.308779131394468 6.369403337332017 6.34442685954075 9.236799131651647 6.869367703914776 6.606422232322274
28684800.0 265.3887497815 267.7521990956 269.6244104989 271.3903877353 273.1258602106 272.7891821556 272.4965211191 6.263287386392724 6.306635673953032 6.367853854278115 6.320688847915377 9.211870170454372 6.870163903237369 6.6073976318559895
28771200.0 263.6181647402 266.7020327352 268.956510992 270.9297669963 273.1251029833 272.7897388188 272.4981693703 6.241848902566748 6.284490815914834 6.341435808394083 6.263734689209046 9.18560111838793 6.870950275629793 6.608362439002453
28857600.0 263.8917046553 266.6000110539 268.739418178 270.7131091179 273.1242376775 272.7902864248 272.4997941787 6.2447616690995025 6.282622727980563 6.334144797865337 6.2431110912210475 9.155293852957376 6.8717256154799005 6.6093170754312425
28944000.0 264.5255855403 266.876777116 268.8179933274 270.6949385658 273.1231889386 272.7908258645 272.5014008287 6.25202633047953 6.287793617739275 6.3367216670669375 6.241170547821014 9.118246765340551 6.872491107961059 6.6102645319288795
29030400.0 265.5348796442 267.4789704635 269.1539434641 270.8348881033 273.1217106419 272.7913506471 272.5029845889 6.265377340922996 6.3002980232971435 6.348565111886232 6.252890659884985 9.065948493045292 6.873237440944625 6.611201906434691
29116800.0 264.7654617567 267.2351659317 269.1079094514 270.8472938037 273.118616559 272.7918492742 272.5045447133 6.254983916126752 6.295010375745053 6.346857192762749 6.254110898872873 8.957418619604839 6.873948079744971 6.612128628127825
29203200.0 266.0982066921 267.8238244744 269.3513243497 270.8842602319 273.1065682115 272.7922787885 272.5060773349 6.274020967189148 6.308375558492675 6.35622936475464 6.256462275716954 8.603910370834429 6.874561398071933 6.613042256857314
29289600.0 266.6238907835 268.2175660073 269.5583628014 270.8762088893 273.0415051896 272.791917586 272.5074937177 6.283056131160519 6.31859322051352 6.364923767588751 6.2541084029821565 7.711924082362625 6.87404555136766 6.61388946807842
29376000.0 267.4452874347 268.7015393587 269.7931744977 270.881032054 272.8433090077 272.7873961923 272.5083739904 6.2995477841192935 6.332926523884188 6.375721362672727 6.25329314022759 7.004515871403118 6.867653065827227 6.61441740273095
29462400.0 267.1845277796 268.6133839523 269.7226292373 270.752830897 272.546555295 272.7673775084 272.507095762 6.293952174692194 6.330149336289305 6.372363490325419 6.241223959809289 6.655556176621369 6.840711242703305 6.61365115045503
29548800.0 269.2446248286 269.676342911 270.2392240904 270.8956938674 272.29316033 272.7164344678 272.5002396278 6.352015563565275 6.3702149603367095 6.3996435556649 6.253025138417454 6.516581522301533 6.780693063834992 6.609579412407915
29635200.0 269.9049168412 270.2302441216 270.6068895043 271.0586487635 272.1241137259 272.63247073 272.4838085714 6.3812578450648045 6.399109648788169 6.423822029476082 6.268584930509708 6.455475888974625 6.701677724057196 6.600075806799831
29721600.0 269.1189124496 269.9303345922 270.500702967 271.0148345516 271.9874785663 272.5282534377 272.4553203206 6.347262810776164 6.382556438779754 6.416335255139328 6.264088368590067 6.417057654857172 6.626633758323896 6.584396634029073
29808000.0 269.5615674919 270.0993534682 270.5573935898 271.0038564079 271.8739981251 272.4185618715 272.4149171577 6.365064106734188 6.391591601005255 6.4202762588350595 6.262837651840583 6.390191148583719 6.5655219110712215 6.563727183355733
29894400.0 269.333258495 269.9965931151 270.4923090061 270.9435431383 271.769736451 272.3113934186 272.3647616434 6.355503755534536 6.386013539180434 6.415762244588025 6.256878915958807 6.368622911689898 6.517695520449928 6.540300370548818
29980800.0 267.1802706066 268.7860485031 269.7827613804 270.5459916789 271.6078784764 272.2012188073 272.3065429822 6.2938638129576665 6.335665817697021 6.375219218792091 6.223433178982369 6.339888863663475 6.4771579280946385 6.5157470133849245
30067200.0 265.8516597378 267.7431700686 269.0056646694 270.0055977843 271.3679018343 272.0757097219 272.2395894196 6.270117321946879 6.30641875318395 6.343164007262146 6.18829266026541 6.3047420152991585 6.438733873636778 6.490446477926371
30153600.0 265.1032149794 267.016986164 268.3625917738 269.4752475075 271.0719577918 271.9261282951 272.1613196928 6.259366075539625 6.290543055194688 6.322664036410226 6.16143622990769 6.2699673800431075 6.400828045687008 6.4641606135118215
30240000.0 265.0734139687 266.7456476286 267.9925702304 269.0771887874 270.76678499 271.7538200662 272.0694787078 6.258968610652901 6.285302749294036 6.312614032545207 6.144702023551684 6.24099602981259 6.364883099612852 6.437000934342454
30326400.0 266.194867579 267.2183279147 268.1064538266 268.9651552374 270.5202496992 271.5733323372 271.9649879614 6.275606648460402 6.294657033423174 6.315591468637147 6.140277721582152 6.221263032908424 6.333683088726425 6.4099886552749545
30412800.0 267.0128116593 267.7103284477 268.3493004187 269.0069613919 270.3517666106 271.4020265563 271.8524234483 6.290459863942863 6.305634206820733 6.322283448781759 6.141716768593671 6.209244383311281 6.308616917692824 6.384586285306407
30499200.0 266.8932229514 267.7258264833 268.373742914 268.9923217368 270.2241000919 271.2470518167 271.7372340174 6.288111417637439 6.306003566217578 6.322984540222864 6.141129458116049 6.200834823998098 6.2888934551904265 6.361771096249216
30585600.0 266.5056631124 267.5038694968 268.2316634607 268.8866881576 270.1010219097 271.1056425571 271.6230100986 6.280932828651482 6.300856834838615 6.318981175455953 6.137244922108849 6.193256876267528 6.272870923019427 6.341721795099877
30672000.0 263.1976942122 265.6027015687 267.0895234066 268.2345876345 269.8594561935 270.9532262513 271.5072357639 6.237603774958536 6.266367489573582 6.292002025435129 6.116238649570697 6.179737006811209 6.257347398123117 6.323552433767285
30758400.0 264.1622251867 265.5760127263 266.7395977479 267.8065626743 269.5746539732 270.7841884601 271.3871360677 6.247769649302465 6.2659762967830295 6.285189640027484 6.104436439611203 6.165558295864322 6.241899987275415 6.306610448030828
30844800.0 265.0709571183 266.0412454156 266.8841912911 267.7202974132 269.339348528 270.6032217158 271.2600505906 6.258935939194498 6.27310142707484 6.2879367377271445 6.102142443852319 6.155006048652339 6.227081536571678 6.290454646652258
30931200.0 265.3853859219 266.2827795365 267.0132852801 267.7288641851 269.1820974704 270.4324760698 271.128977715 6.263239958798844 6.277077205708814 6.290469298270791 6.10231205119327 6.148455815899323 6.214466722341566 6.27539938279898
31017600.0 261.1242972714 263.9398587804 265.6587501478 266.984362809 268.9047312787 270.2539542101 270.9946041477 6.219984459175455 6.2452875737532745 6.267195685756807 6.085360935726478 6.13788675693193 6.202477660820818 6.26139960842048
31104000.0 259.2251854029 262.3185096218 264.3948500814 266.0729297563 268.4868047315 270.0373123464 270.8491508706 6.207382486930909 6.229526408599193 6.250464876918376 6.068259928762664 6.123772596101706 6.189324139385485 6.2476364148984365
31190400.0 259.9709904054 262.2529056088 263.9960837553 265.5456219569 268.0646079277 269.7885794828 270.6881030282 6.212010480857358 6.228962516136412 6.245906768812464 6.059706231690699 6.111271588123661 6.175804346294082 6.233830118249276
31276800.0 260.3468425445 262.314233724 263.8380919918 265.2376571647 267.698926303 269.5279534464 270.5130674485 6.214492266469249 6.229489502312984 6.244180867865065 6.055088667625982 6.101606990718499 6.163145719596019 6.220269272789981
31363200.0 260.2822045062 262.2005552471 263.6530957415 264.9828112238 267.3833968709 269.2700275604 270.3288120835 6.214057843894033 6.228516121948518 6.242213968535079 6.0514773466783 6.094004510346552 6.151883896944466 6.207367246500002
31449600.0 262.0784696988 263.1120366857 264.0767304596 265.0772890547 267.178713558 269.0355712416 270.143321173 6.2274872114103745 6.236771248683519 6.246804757394617 6.052732556037784 6.089376346401979 6.142570980534775 6.195584252937157
31536000.0 263.5283111354 264.0725790883 264.6720941272 265.3702545461 267.0960046185 268.8425176161 269.9662144952 6.240918822383244 6.246758245983479 6.253818097223124 6.056898045029621 6.087550299986351 6.135475078896362 6.185299609346283
31622400.0 263.7788895812 264.4232549854 264.9840499467 265.5875488468 267.0759995858 268.6921812368 269.8044084194 6.243545204730492 6.250801204334598 6.257789560021784 6.060159162471123 6.08709703197911 6.130268512691819 6.176619636566262
