single point
       alpha_p                      0.002500000000000000    1.000000000000000    0.000000000000000
       alpha_m                      0.001142559462162000    1.000000000000000    0.000000000000000
           n_p                      1.468213625892000    1.000000000000000    0.000000000000000
          wr_p                      0.1374427631515000    1.000000000000000    0.000000000000000
         por_p                      0.4386607231529100    1.000000000000000    0.000000000000000
         por_m                      0.3727662474168300    1.000000000000000    0.000000000000000
        perm_p                      5.600878964490000e-11    1.000000000000000    0.000000000000000
        perm_m                      1.750000000000000e-13    1.000000000000000    0.000000000000000
         pen_s                      0.02572970722669000    1.000000000000000    0.000000000000000
          z_bg                      0.07000000000000001    1.000000000000000    0.000000000000000
           z_s                      0.001254881550000000    1.000000000000000    0.000000000000000
          b_bc                      268.4500000000000    1.000000000000000    0.000000000000000
