0.0 260.207261753 261.5472264651 262.5130099496 263.4419936328 265.3327882889 267.0944652207 268.2767993339 6.471333651649648 6.476779674522567 6.481330880132474 7.729535229506928 7.753807536265878 7.7859155069411194 7.816550346257609
86400.0 263.5358790681 263.4265667554 263.5825210675 263.938111261 265.2858683681 266.9381060041 268.1310469011 6.486883462796182 6.4862483905501875 6.487157755812898 7.735140203641889 7.753084630251322 7.78252761992241 7.812202142046352
172800.0 262.5715209758 263.256044297 263.6895428977 264.1326004974 265.3369757373 266.8432237092 268.0057482438 6.481626550942085 6.4852788639702945 6.4877948033305035 7.737479249784321 7.753842202806585 7.78053292520778 7.808611421553594
259200.0 261.4009212984 262.6405186455 263.3742267129 264.0137198353 265.3217296879 266.766048726 267.896382052 6.476139824324645 6.481978392758898 6.485948099753012 7.736052626447828 7.753610178855736 7.778943094552787 7.8055818714128105
345600.0 261.8616979762 262.7627672972 263.3909916535 263.9928094687 265.288020403 266.6946824914 267.7983558065 6.478197039577035 6.48261039653932 6.486044021517449 7.73580106599987 7.753102192598149 7.77749814179856 7.802945011371267
432000.0 262.0421866336 262.8714253252 263.4486735589 264.0111126564 265.2587801398 266.6281827025 267.7086804306 6.479037694663041 6.483181611351879 6.486375955611287 7.7360171338666515 7.752663266754496 7.776172930691835 7.800594877854411
518400.0 262.1668288499 262.9576021929 263.5048997391 264.0389449249 265.2370734638 266.5674652079 267.6259502175 6.479630343205843 6.483641145333808 6.486702382948725 7.736348979235219 7.7523382642362355 7.774980372473679 7.798477230486822
604800.0 262.2595936239 263.0255829647 263.5528534561 264.066256323 265.220756471 266.5126525244 267.5494435202 6.480078035890203 6.484007795651611 6.486983053912867 7.736676613626751 7.752094431335944 7.773917749839757 7.796560405341096
691200.0 262.0878982244 262.9479137754 263.5138262338 264.046489294 265.1965274402 266.4608936816 267.4780406616 6.479253875909241 6.4835891909929 6.486754470115335 7.736438958696036 7.751735720134306 7.7729262368397105 7.7948062300521235
777600.0 260.3910268155 262.0104267346 262.9441437544 263.7202614307 265.0900592076 266.3946343033 267.4066894196 6.472029158308944 6.478888281644685 6.483568994239056 7.732627403278276 7.750187559818412 7.771673466855221 7.793085799249647
864000.0 258.5797131766 260.7984440345 262.091282967 263.1505476099 264.8665629886 266.2930952155 267.3268227159 6.4657634425646355 6.473626434046393 6.479269936677618 7.726416840823727 7.747035421631563 7.769788700784434 7.791197327053241
950400.0 257.8303975958 260.0569653376 261.4331034476 262.608597519 264.5746507895 266.1516415461 267.2316189473 6.463504872866505 6.470775798137711 6.476279536063236 7.720968924894728 7.743101414684269 7.767231131781774 7.788995879666361
1036800.0 257.9920508964 259.8873577625 261.133944358 262.2575237374 264.2897504195 265.9839905569 267.1201126415 6.463977804129721 6.470157759814398 6.475002631827209 7.717646805764211 7.739445240344258 7.764297660292974 7.786483440138359
1123200.0 259.382195674 260.518163297 261.3848962623 262.257157585 264.0999080971 265.819012591 266.9989221893 6.468385561761083 6.472519247097511 6.476070470027101 7.717625428703879 7.737098533156666 7.761508909484843 7.783829944426905
1209600.0 260.9326710628 261.4442944665 261.9406328017 262.5248264348 264.0398201672 265.6847321745 266.8793494653 6.4741701826275415 6.47632825500613 6.478562182295393 7.720121695000901 7.736363613239889 7.7593070556943085 7.781286941988402
1296000.0 260.1905730653 261.2430712024 261.9164417175 262.557650595 264.001448417 265.5777194191 266.7677983034 6.4712712269860715 6.475462813862672 6.478449866700808 7.720437182922944 7.73589886233577 7.757594062623269 7.778978682368436
1382400.0 260.7062531199 261.4945043215 262.0650357507 262.6400109793 263.9833527293 265.4923972115 266.6666337167 6.47325810613723 6.476547705330032 6.479145585872305 7.721229931858618 7.735679198629295 7.756253866369032 7.77693660317424
1468800.0 261.4525804064 261.9536085266 262.365793641 262.8208480413 264.0053572657 265.4296836685 266.577522965 6.476364372232437 6.478622577209637 6.48059767174632 7.723005395650159 7.735937688777662 7.755282874112772 7.775176684714594
1555200.0 259.6306142238 261.0806596607 261.9089563454 262.6107976683 263.9562142918 265.3682230883 266.4964052019 6.46924456335337 6.474780215357951 6.4784151870184115 7.720951142163654 7.735353011741123 7.754342596666911 7.773605189721115
1641600.0 257.3527200166 259.6555870292 260.9667039573 262.0290969877 263.7631084155 265.2761587512 266.4126582403 6.462150431373514 6.4693322347225255 6.47430948201942 7.715560723933988 7.733103405179435 7.752954594583826 7.772012362412786
1728000.0 256.4557146373 258.7998820424 260.2325581041 261.448713648 263.4776014259 265.1415734885 266.316374463 6.459767395547097 6.466460743272817 6.471428505511757 7.710576460980426 7.729898671511501 7.750968402997203 7.770217077738748
1814400.0 251.5319556277 255.8301455976 258.2372640158 260.1425136716 262.9513208525 264.9273411064 266.1921488688 6.44948057130161 6.458217365323575 6.464709950114222 7.700619780542601 7.724349186931151 7.747907137473156 7.767955624129983
1900800.0 251.6360396273 255.1004330319 257.3068495616 259.2211928074 262.3610492871 264.6413094563 266.0316429527 6.4496601413697485 6.4565133115912445 6.4620236300841025 7.694423362615053 7.718604904510195 7.744000094354523 7.765120998922942
1987200.0 253.4750490331 255.7481654902 257.3733127536 258.9278650704 261.8995112799 264.3333593254 265.8421596529 6.45306891255499 6.458020525230752 6.462207538075608 7.6925544054810215 7.714420505442477 7.7400063774329535 7.761894528426954
2073600.0 255.3077963782 256.7509501836 257.8768651424 259.0458830177 261.6285834444 264.0536698899 265.6412547448 6.45698677183717 6.460529892851479 6.463640041920192 7.693268257322771 7.7120737136992945 7.736554980176629 7.758606718431284
2160000.0 256.7381269539 257.6911607456 258.4797131583 259.3513490924 261.5225649541 263.8303398862 265.4471836421 6.460496343255178 6.463103535721161 6.465451967198305 7.695200629541723 7.7111709521799074 7.733910518641532 7.755552642710606
2246400.0 258.7842283986 259.0071901118 259.3692860762 259.8933268215 261.5770539299 263.6796830119 265.2754182583 6.466410633532197 6.467132254002428 6.468341562117487 7.698804871804613 7.711617734833815 7.732179272694376 7.752943528538307
2332800.0 259.2191662812 259.5693665893 259.8950248557 260.3169151354 261.7026575754 263.5939044009 265.1337898122 6.4678344404388115 6.469030574327213 6.470185440355448 7.701784905489358 7.712676670761329 7.731211771470826 7.750855052310081
2419200.0 259.4000675098 259.8558277374 260.2072338677 260.6107849009 261.8381639249 263.5535161714 265.0223014536 6.468446577085255 6.470044180237199 6.471333547238792 7.703941812250585 7.713842292362736 7.730760695992501 7.749249254391864
2505600.0 259.4689850233 260.0104298853 260.3975334927 260.8095976048 261.9574585307 263.5397423684 264.936335175 6.468682990849253 6.470605028213729 6.472054061327461 7.705444969155555 7.71488722006332 7.730607509290537 7.748033264217272
2592000.0 259.6473166044 260.1819438382 260.5671918202 260.9721607513 262.06069 263.5405650953 264.8702043156 6.4693031728489885 6.47123899658948 6.4727102360967335 7.706700973403341 7.715805500164481 7.730616650145088 7.747110656176446
2678400.0 260.3352842917 260.6232675566 260.8880319264 261.2075254682 262.1760218749 263.5545253362 264.8202512702 6.471816597100128 6.472930057987136 6.473988355465805 7.708562873791924 7.716846620424744 7.730771932390256 7.746420985857331
2764800.0 260.9864144085 261.1041726287 261.2619843554 261.4910625768 262.3150288809 263.5839325146 264.7850509702 6.47439042706927 6.474878178357489 6.475543216340658 7.710880351750877 7.71812358040282 7.731100136981235 7.74593868223181
2851200.0 261.0471111511 261.2848485265 261.4733289277 261.7000445071 262.4518691464 263.6250233515 264.762928476 6.474640937892288 6.475640672946589 6.476454981453206 7.712644127081564 7.719405355320923 7.731561263842826 7.74563710907242
2937600.0 259.0504576881 260.2889309885 260.951696897 261.4841562465 262.4789299948 263.6519550978 264.7463304156 6.467274284597709 6.471640898921283 6.47424798468818 7.710829512032103 7.719663424346092 7.731865105552948 7.7454116208241075
3024000.0 258.7280219929 259.9104486418 260.6373092023 261.2668300192 262.4327274162 263.65257114 264.7271253204 6.466231386059885 6.470241198180954 6.472985334959253 7.70904984415189 7.719227854023972 7.731872070690895 7.74515154095563
3110400.0 259.3947271449 260.1596910848 260.710547228 261.2484316573 262.3950893322 263.6371391362 264.7027338459 6.468428332280922 6.471156031070693 6.473275170820353 7.708898642731259 7.718873945688488 7.731697794618672 7.744822495051456
3196800.0 262.2946646547 261.7587868542 261.6655867622 261.7672691678 262.5036746927 263.6431308905 264.6811020292 6.4802487913581786 6.477726721281376 6.4773062739218 7.713220603625795 7.719898004191404 7.73176541042986 7.744531858097759
3283200.0 264.0350447916 263.0713767224 262.648668353 262.4507994536 262.7512027153 263.6965692095 264.6741014976 6.4899276465954765 6.484256876910842 6.4820201804488535 7.719396950193314 7.722295619129955 7.732371271142742 7.744438038048791
3369600.0 265.103361177 264.0381520979 263.479026111 263.116152783 263.0686015621 263.7900755825 264.6833180203 6.497372722405243 6.489947378685636 6.486551816101495 7.726006420339181 7.7255001548537265 7.733443769097857 7.744561580517628
3456000.0 265.5818387995 264.6220525798 264.0717862803 263.6687405313 263.4192579146 263.9299968214 264.7186777565 6.501208808706205 6.493845047167195 6.490161612909351 7.732012732578237 7.729222125852378 7.735078777099689 7.745037421307152
3542400.0 265.6396787133 264.8905585767 264.4301218583 264.0660711593 263.7464468392 264.0977002863 264.7799921587 6.501697249019388 6.4957749294768 6.492520646470425 7.736661343391544 7.732880803183087 7.737087773984725 7.745869616093611
3628800.0 259.4677750204 261.8640253431 262.8609650282 263.4196488417 263.8350195191 264.2406214573 264.8527458421 6.468678824562265 6.478207750616411 6.483126226915808 7.72924597245734 7.733905072704583 7.7388441274724205 7.746868915889882
3715200.0 257.1349389556 259.7903642885 261.2551012545 262.3414989311 263.5935370907 264.2900708793 264.9107078566 6.46155331470769 6.469809656799847 6.475513933005966 7.718409811071371 7.731155577778565 7.739461606001977 7.747674423916594
3801600.0 257.2041954502 259.27420564 260.5673474898 261.6516524787 263.2322452533 264.2253712325 264.9239367386 6.46174186370788 6.468019407268959 6.472710844294272 7.7122688084128495 7.727227476239192 7.738654724935467 7.747859450449291
3888000.0 258.794489505 259.8764193116 260.694137078 261.4899175729 262.970475018 264.1209485778 264.9025239294 6.466443471603667 6.470118310466143 6.4732100051120725 7.710892519578134 7.724508648939265 7.73737065078649 7.747560180075592
3974400.0 260.2203865847 260.6890778439 261.1339213705 261.6426813977 262.8524903189 264.0235257823 264.8617548421 6.471382830947469 6.473189940686767 6.475002535555824 7.7121646874122325 7.723313697304411 7.736192427208315 7.7469935652009
4060800.0 261.4935422543 261.5308962256 261.6946619655 261.9643036957 262.8634603954 263.9601370854 264.8178480384 6.476543487083012 6.476707654500696 6.4774368857071005 7.714946695491801 7.723419724379833 7.735435814439316 7.746387961127554
4147200.0 260.9972804689 261.4694561842 261.7729041926 262.0823024037 262.8996002212 263.9257120082 264.7793848454 6.47443513540131 6.476438050692097 6.47779086001414 7.7160004256466 7.723781328413937 7.735028160848569 7.745861328837782
4233600.0 258.6876769568 260.2418510399 261.0721401177 261.7269850721 262.8254056726 263.8860987197 264.7427450081 6.466103371606966 6.471463421704088 6.474744791025564 7.712887052281603 7.723038522387321 7.734561863098613 7.745362999301765
4320000.0 260.6376681717 261.0146027497 261.3918534231 261.8112705408 262.7890496398 263.8470974637 264.7066515229 6.472986749321289 6.474506532565673 6.476100562228825 7.713608222174335 7.722676114127493 7.734105660577877 7.744875249946138
4406400.0 261.2948871865 261.5063369183 261.7278510872 262.0074031244 262.8150761331 263.8224885625 264.6741788098 6.475683551357435 6.476599629133584 6.477586589872461 7.715329265059603 7.722933275702546 7.7338192696058226 7.744439073549298
4492800.0 261.0701367452 261.5093076886 261.8011172945 262.0969864061 262.8530939794 263.8114549078 264.6473951893 6.474736466450835 6.476612677960133 6.477919399402342 7.7161322040404725 7.723312146740206 7.733691228219746 7.744081180460742
4579200.0 260.2178109735 261.0729509157 261.568055163 261.9955146734 262.8472406781 263.8002657735 264.6241431601 6.471373174087413 6.474748160708904 6.47687175571268 7.715226458730512 7.723253851333116 7.7335616123574225 7.743771835445941
4665600.0 259.7401959987 260.7225439212 261.3162013595 261.8315730693 262.7961417887 263.7783146821 264.600264429 6.469631099289463 6.473322892509226 6.475774772880534 7.713786698794843 7.722745116379996 7.733307998764311 7.743455456616429
4752000.0 260.5284385479 261.051318488 261.4520131904 261.8594886666 262.7666418107 263.7528817332 264.5749648302 6.472559181301963 6.474658372822514 6.476361898591961 7.714027328126412 7.722452386196853 7.733015260942399 7.743121683488189
4838400.0 262.688732133 262.2698011744 262.1943519312 262.2716738051 262.8522465895 263.7501301639 264.5545306049 6.482226319934298 6.480127649365343 6.479762576753511 7.717722968958237 7.723302242951612 7.732983660592837 7.742853166263042
4924800.0 263.5523292178 263.0397921445 262.8141925581 262.7218895327 263.0120532234 263.7740552375 264.5420412444 6.486979974165491 6.48408490047133 6.482879612253895 7.722012206041416 7.724919567747637 7.733258889385373 7.742689516275975
5011200.0 265.0467820785 264.0396573619 263.5536735178 263.2581158379 263.2479242639 263.8391479169 264.5464213164 6.496941758862788 6.489956941090868 6.486987872039486 7.727499399970323 7.727379363970474 7.734013022945835 7.742746868771361
5097600.0 266.1807902875 264.9659716651 264.315741684 263.859443989 263.5561749603 263.9504723378 264.5747100897 6.506557896472945 6.496334007873848 6.4917520311908765 7.734208966058168 7.730730461837668 7.735321137555172 7.7431183301938304
5184000.0 263.9098166659 264.1352291105 264.0924191761 263.9730360691 263.8065859921 264.0852260326 264.624649526 6.489140744055046 6.490568981765499 6.490293626595713 7.735540194133471 7.733574028742899 7.7369364371395015 7.743778558764911
5270400.0 264.8728025722 264.4778465542 264.2747668235 264.1201150353 263.9823121213 264.2142057304 264.6887460291 6.495644409341809 6.492845846022627 6.491480317270812 7.737311113333899 7.735638254127146 7.738516358421133 7.744634433686012
5356800.0 266.258125304 265.3170048128 264.8382222602 264.5008620894 264.195017105 264.3461369369 264.7605378425 6.507299019483701 6.499042020809731 6.495391421723233 7.74210698090387 7.738217101203626 7.740167941151088 7.7456045908824755
5443200.0 264.3169383818 264.5179207123 264.5147265616 264.4517232593 264.3278856558 264.4659993189 264.8349322607 6.491759995245074 6.493120999630574 6.493098997851989 7.741465307791693 7.7398746948123085 7.741700697514841 7.746623037334087
5529600.0 265.2722495964 264.8969514503 264.7136273667 264.5801940348 264.448400549 264.5743647186 264.9086580249 6.498686701055262 6.49582202527419 6.494492855058163 7.743139554021811 7.741410665947989 7.743113784116332 7.747645793369229
5616000.0 267.3806237195 266.1187426485 265.4958415474 265.0664171865 264.6561586328 264.6938991209 264.9853479743 6.519683884250877 6.505972150965825 6.5004928669601965 7.749839093922783 7.744134652759905 7.744703661373586 7.748724214910418
5702400.0 267.1378164579 266.3135379792 265.8036956912 265.3896178929 264.8825383379 264.8276374548 265.0682913204 6.516712898701616 6.507837781418688 6.503113610611657 7.754628727146373 7.7472183787025415 7.746522574125118 7.749907665368939
5788800.0 265.8914416674 265.7718631527 265.5998035147 265.3995045757 265.037347575 264.9566487046 265.1546553463 6.503891004772033 6.502835026538862 6.5013599131281605 7.75476976840825 7.749399796651221 7.748318885001339 7.7511592787053205
5875200.0 262.4798241439 263.8753995814 264.4730814693 264.8129694917 264.9935777381 265.0399114184 265.2320596416 6.481164269879371 6.488927279919555 6.492813255583546 7.746272915066725 7.748775734056293 7.749500710042458 7.752298256950387
5961600.0 262.9196187386 263.6656707417 264.1217769778 264.4775445502 264.8813915082 265.074285331 265.2914370968 6.483437882421301 6.487651767775158 6.490482245600447 7.741805757944501 7.747202306165732 7.749993888850109 7.7531832626235095
6048000.0 265.4416068805 264.8945394433 264.7426746159 264.7201404336 264.879099135 265.098280512 265.3368425265 6.500047538406338 6.495804249767366 6.494700550482711 7.745004647112631 7.74717023449741 7.750340013766204 7.753866757753407
6134400.0 264.5024710894 264.6493579006 264.7043517418 264.7519516417 264.8995527026 265.1234908632 265.374210562 6.493014693756839 6.494037109225231 6.4944267582250745 7.745435456490428 7.747454670084195 7.750705324060614 7.754433712004928
6220800.0 265.9335574292 265.3819049665 265.1439515861 265.0082728836 264.9818573594 265.1622922417 265.4101199946 6.504269167443174 6.499562729845767 6.497684715848539 7.748996826486689 7.748609942332637 7.751270922565392 7.754982367446701
6307200.0 266.5439767173 265.8893981977 265.54602582 265.3058109908 265.1154890125 265.2214464096 265.450289482 6.510150617105536 6.503872740074757 6.500909181444769 7.753348441994995 7.750523577104312 7.75214110892155 7.755600615644732
6393600.0 266.9722163017 266.2768857646 265.8865146971 265.5900438808 265.2772258583 265.3004328774 265.4981257178 6.514787982584326 6.507480691498337 6.503846980244733 7.757741474541218 7.752904517529717 7.753318210269368 7.756343150148719
6480000.0 267.3849662457 266.643481844 266.2090786656 265.8672890244 265.4544342202 265.3959178472 265.5549014081 6.519738723374307 6.511187143649156 6.506827552757861 7.762270251820528 7.755598558025992 7.754764923014166 7.757233456973339
6566400.0 266.810636673 266.4696509501 266.2106526703 265.969158289 265.5982649393 265.4956643352 265.6184036423 6.512983055867534 6.509391555530845 6.506842605283614 7.763993223884511 7.757853662201764 7.756304775173445 7.758241044213042
6652800.0 269.5506414277 267.9379001603 267.1135792824 266.5205763374 265.8316631595 265.615890808 265.6912204398 6.5584400755964625 6.527272279394765 6.5164262230775005 7.774051863527381 7.7616544962277425 7.758200933337218 7.759412089344985
6739200.0 270.7250334549 268.9415488344 267.9260401464 267.1409222324 266.1470250814 265.7692083448 265.778514915 6.598713713317102 6.544570824165327 6.527098227919359 7.786982543489335 7.767088956307063 7.760685300765717 7.760838573870427
6825600.0 269.1580222663 268.4398712014 267.8661511528 267.3178855006 266.4036758214 265.9347284779 265.8785349503 6.549134671704755 6.535231705637926 6.526228304286109 7.790989031792279 7.7717853832384645 7.763455023829315 7.762504207403349
6912000.0 268.6671952285 268.1520023941 267.75274622 267.3528159565 266.5816053381 266.0908772613 265.9845162957 6.539268932336322 6.530520186034441 6.524620906036967 7.791781841751517 7.77519719919536 7.766155947625771 7.764306699577879
6998400.0 265.1396904635 266.2316520716 266.6344911388 266.7849580744 266.5623490366 266.1992489903 266.0825827759 6.4976518516377055 6.507043918700561 6.5110925131221284 7.779269608325419 7.774812670148718 7.7680832592519025 7.766010249274114
7084800.0 263.8287298854 265.0810866474 265.7299802074 266.1533408185 266.3953331766 266.2416985842 266.159168918 6.48863971753935 6.4972025150990405 6.502471224901812 7.767217461719473 7.771615066434303 7.768850417167822 7.767365290041708
7171200.0 264.5888008164 265.151593546 265.5435975584 265.8695577606 266.2236465134 266.2368051036 266.2102735555 6.493612403310092 6.497743720902019 6.50088894230449 7.7623070386967665 7.768453164636037 7.768761624174207 7.768281813091397
7257600.0 265.5336336033 265.5979674613 265.7177594011 265.8631222933 266.1232349167 266.2157580048 266.2413534772 6.500805995996639 6.501344444979511 6.5023656540534756 7.76219159964823 7.766657445793245 7.7683807838206285 7.7688441224665095
7344000.0 267.824920337 266.8937551499 266.4903004524 266.2659879442 266.1694396998 266.2156447211 266.2651484199 6.525637957301233 6.513902788877742 6.509601164304565 7.769237605136098 7.767478295507477 7.768378738636534 7.769277181884976
7430400.0 269.3030930083 267.9883943249 267.2954947865 266.810538377 266.34447197 266.2585007912 266.2952142445 6.552406546343689 6.528020012707099 6.5186212072718925 7.779823373906182 7.770666933929139 7.7691560090651075 7.769827563717321
7516800.0 267.4172056381 267.2947725501 267.0902862775 266.8607068302 266.475805859 266.3227564183 266.3346755347 6.520147803456883 6.518612290848678 6.516152339054826 7.780846159688267 7.773140680611923 7.7703349603322 7.7705554102738486
7603200.0 267.1335478672 267.0485690372 266.9482010819 266.8244080855 266.5491999908 266.386903086 266.3796780472 6.516662284326585 6.5156657487278755 6.514515259204225 7.780085273879647 7.774554008325277 7.771528482194487 7.771393148752329
7689600.0 268.498260681 267.7350484295 267.3403320154 267.0470924942 266.6525292952 266.4551871703 266.4287232197 6.536240371029666 6.5243746273114525 6.519178003035123 7.784826669116345 7.7765852287693535 7.772817618643943 7.772315622167073
7776000.0 270.8711591878 269.1691520943 268.2780315199 267.6332542404 266.8709731001 266.5507392262 266.4869431956 6.605808006932688 6.549379336240094 6.532531431636468 7.7986734637713475 7.781045280475438 7.774654724724793 7.773423736790062
7862400.0 271.6402821395 269.9606511168 268.9736448985 268.1943110529 267.1605564228 266.6820719965 266.5601394962 6.658812246889547 6.56993869052732 6.54522501036066 7.814157203486179 7.787329627888644 7.77724528391922 7.774837495213556
7948800.0 271.7130193907 270.2775944801 269.3698971267 268.6028436817 267.4551955602 266.839884485 266.6497454312 6.665933323033786 6.580467723253259 6.553976205113365 7.827152486794503 7.794205720893143 7.78046353843852 7.77660031076279
8035200.0 272.271725582 270.7354931252 269.7891529428 268.9896080865 267.7459555278 267.0145699255 266.7541719803 6.747437955514289 6.5992000239254525 6.564873317682652 7.84118747838385 7.801531444701068 7.784168355725984 7.778700830168769
8121600.0 271.9520914427 270.7531702487 269.9500727618 269.2296642313 268.0008855532 267.1935519906 266.8693284835 6.693747106652194 6.600029127745462 6.5696145052474515 7.850861846610537 7.808451193427015 7.788130528780623 7.781077095893858
8208000.0 269.9667984817 269.7832359539 269.4762741817 269.0843745242 268.1397231412 267.3518953703 266.9865401692 6.570127825441895 6.564705494680344 6.5565635403886535 7.844722816038675 7.812423242048172 7.791786265656819 7.783563211960603
8294400.0 270.016130665 269.6190451959 269.3173868487 268.9941944752 268.2140294467 267.4814728123 267.0981490375 6.571665722443228 6.560218237542286 6.552738945241436 7.841141754571623 7.814610850915774 7.794890049923552 7.785996688483843
8380800.0 270.2008414723 269.6750821203 269.3247738082 268.9920181076 268.2724804767 267.5881734665 267.2008280861 6.57776282632587 6.561713892789777 6.5529114567889755 7.841054424791838 7.816368796071754 7.797526105171757 7.788295116210074
8467200.0 270.4340075016 269.8129972129 269.4128540345 269.0515122539 268.3373597776 267.6814331947 267.2948921046 6.5863308376911425 6.565554129544959 6.5550077066781895 7.843383741192229 7.8183620087498245 7.799892418894538 7.790453052473357
8553600.0 271.4230614479 270.3836199483 269.7743487259 269.2756027517 268.4455932734 267.774937989 267.383876898 6.640293826638628 6.584387851223161 6.564454256901283 7.852659007424836 7.821786701308766 7.802325927420757 7.792542426574374
8640000.0 271.5009082823 270.5826447613 269.9842224096 269.4654602962 268.5742226398 267.8737671273 267.471254558 6.646508179699298 6.59239205899623 6.570666895644182 7.861142675583078 7.826012866017396 7.804967335160872 7.7946412215283365
8726400.0 270.9298459401 270.3643254137 269.9310154588 269.5102826677 268.678577003 267.9715025387 267.5575241194 6.608852479418661 6.583657836498725 6.569034512236073 7.8631911043690055 7.829568334752222 7.807652816724759 7.796761017328464
8812800.0 270.261857469 269.9872224812 269.7263120693 269.4336475802 268.7354057678 268.0580482915 267.6403301114 6.57990434792977 6.570760162743008 6.563113265745924 7.859581905011876 7.831549443993813 7.810094484942256 7.7988419176251105
8899200.0 270.8320176196 270.2134126305 269.8280699696 269.4830268618 268.7907850969 268.1354223286 267.7185230061 6.60384207643886 6.578198579140298 6.565988270801633 7.861869764116886 7.833520910449298 7.812330187776138 7.800850003601419
8985600.0 269.852670414 269.7440110361 269.5815121508 269.3730797464 268.8099989528 268.1995113766 267.7904692962 6.5667032241405945 6.563604047288186 6.559236229100623 7.85682157840815 7.834206854401018 7.814221194687222 7.802735988137579
9072000.0 268.2983573587 268.8071426164 268.988790008 269.0305719795 268.7465565094 268.2373093093 267.8519062715 6.5328631261162835 6.541910611514878 6.545536326334873 7.842493671996808 7.831918739329915 7.815353597809278 7.804376511532394
9158400.0 264.8530275361 266.7062220166 267.6184775928 268.1899154603 268.5053357771 268.2198540396 267.8928895043 6.495499542252672 6.51185301786251 6.522782121093262 7.813924926873917 7.823686764287918 7.814829045761121 7.805486670324502
9244800.0 266.4429971819 267.020099623 267.473462825 267.861869744 268.2659100656 268.1607545828 267.9099567741 6.509122433040931 6.5153365396738785 6.520869977870015 7.8046121740529015 7.816135931991043 7.813073325396504 7.805952790829049
9331200.0 270.6454383391 269.247802688 268.6798965051 268.3908325068 268.246929033 268.1177716986 267.9151899895 6.595113412587674 6.551138035845581 6.539503552057807 7.820031873477501 7.815560275450346 7.81181568421063 7.806096166153241
9417600.0 269.5260924987 269.1288352686 268.8332869732 268.5919358695 268.298490472 268.1051537716 267.9204579446 6.557814238258343 6.548497894211049 6.542418315366459 7.826595008320018 7.817132469376723 7.811449520913975 7.806240708486941
9504000.0 269.2843472586 269.0312918236 268.8364833039 268.654795618 268.3482867227 268.1128409651 267.9306108608 6.551973418326776 6.546419131167477 6.542480702334791 7.8287284431800135 7.818674150482334 7.811672435618805 7.806519895744217
9590400.0 269.6914911983 269.2517731234 268.9836487946 268.7614506336 268.4047888383 268.1338744958 267.94665903 6.562158728144001 6.551228227735248 6.5454304555053096 7.832466397638195 7.820452267331742 7.812284961965447 7.806962841672652
9676800.0 268.8855620041 268.8793294201 268.8075653133 268.7028609504 268.4281357275 268.1566517379 267.9664201727 6.543447429784629 6.5433237399208775 6.541918783472948 7.830386986810035 7.821194763795815 7.812952585855482 7.80751106602908
9763200.0 267.6188199981 268.1141171799 268.3314416385 268.4353615344 268.3779733228 268.1648225213 267.9845565506 6.522786724871997 6.529930411323802 6.533407508345952 7.821436662894688 7.819601214465111 7.813193183429399 7.808016955040612
9849600.0 267.3695631567 267.7911827844 268.0353277466 268.2006553405 268.2867261399 268.1531081307 267.9963474057 6.519544486643573 6.525159980662741 6.528724930907788 7.814191818729765 7.816769815608412 7.81284842225959 7.808347262332534
9936000.0 267.2179604047 267.5975914179 267.8359713375 268.0168373693 268.1836779452 268.1248711078 267.9997100004 6.517673326526512 6.522502104390833 6.525795511931518 7.808863714774965 7.813667458083753 7.812022304243452 7.808441667396694
10022400.0 266.8400788815 267.3116254513 267.6006839736 267.8230438419 268.0712076675 268.0835164501 267.994265039 6.513306761906611 6.518820780862722 6.522543465838973 7.803546455692546 7.810389581479308 7.810824777785574 7.808288845623913
10108800.0 266.5738655933 267.0701507672 267.3849528328 267.6360185841 267.9529250851 268.0318102001 267.980442735 6.510459487662901 6.515916852329967 6.51973855389868 7.798680069074227 7.807057100729542 7.8093477681451 7.807901974693398
10195200.0 267.2035931086 267.3309173303 267.4680708678 267.6130164636 267.8700742086 267.9797284811 267.9608873674 6.5174997231044065 6.519060555909258 6.520800296381063 7.798091050196233 7.804788509028215 7.807882276161076 7.807357259326557
10281600.0 271.6195268248 269.7580246734 268.8407582616 268.2891218464 267.9408802277 267.9491165686 267.9416901529 6.656873968751383 6.563995359493496 6.542564250810471 7.816912860830046 7.806722115235401 7.8070311016513845 7.806825478857881
10368000.0 273.0800114106 271.1749817024 270.0133624958 269.1477682642 268.2252554615 267.9847427237 267.9370210542 7.676315047428486 6.623004406278011 6.571578466703344 7.847479094008441 7.8149206570514815 7.808022412758005 7.806696580635745
10454400.0 271.7909682161 271.0079075539 270.286732518 269.6029910332 268.5562159529 268.0884800318 267.9605979187 6.674190679544876 6.613094385278273 6.580796989321792 7.86783563363623 7.825404312426919 7.8109677425115205 7.807349219633214
10540800.0 270.4886795253 270.2590825185 269.9503043595 269.5776686732 268.7625616962 268.2147402648 268.0111849963 6.588501160042646 6.579805483909355 6.569621585592284 7.866399324942407 7.832513617807269 7.814675892890052 7.808764519356261
10627200.0 273.1766924581 271.5861712401 270.642935818 269.926795916 268.9387008888 268.336506444 268.0750075506 9.393853149102409 6.653840212576002 6.595003005345124 7.884873480895692 7.8389936894445675 7.81838805015869 7.810579928558663
10713600.0 273.2275571349 271.9225494792 271.0589472548 270.320818099 269.1743027773 268.4659235224 268.1488175715 16.222101093030535 6.689874979057196 6.615995449278384 7.909566324928205 7.848337158749969 7.8224895307200555 7.812722194003552
10800000.0 273.2345319348 272.162702317 271.3263337498 270.6014128031 269.4077587776 268.6093924012 268.2338005492 20.613642222452697 6.726211845860278 6.6331337770725005 7.930472760706003 7.858442174280755 7.827237742691899 7.8152476760795935
10886400.0 273.2358205924 272.3890012029 271.5682373706 270.8454021039 269.6223932445 268.7582243837 268.3290989967 21.8842389169804 6.775188179086313 6.652248908513594 7.951696971461829 7.868595696107775 7.83240489549239 7.81815799598074
10972800.0 273.8717904434 272.8439578504 271.9287209763 271.1406828938 269.8402618106 268.9100400084 268.4305769495 22.98001403033106 7.006679481598349 6.690672266299695 7.982651416352614 7.8798978381867 7.83795073067989 7.821352498581176
11059200.0 273.7710629427 272.9119617161 272.0938172826 271.3469295084 270.0417439444 269.0615360516 268.5364731787 22.652315698480248 7.09139490117095 6.714529863610356 8.008444430202903 7.891380089211136 7.843786969492303 7.824796747696207
11145600.0 274.4919542453 273.088044031 272.2727398211 271.5349769088 270.2272882536 269.2099657365 268.6449530848 22.194919158879472 7.740910582200368 6.747653813565516 8.036281475275063 7.90297972104659 7.849825262109661 7.828448980922256
11232000.0 276.5975842225 273.1964628917 272.406839655 271.6951767903 270.3995072624 269.3547184598 268.7543769886 21.777738229434412 10.508758737222728 6.779975572046541 8.064110699118812 7.914772177630634 7.856048530775535 7.8322677867292105
11318400.0 276.0124382144 273.218340173 272.4774187115 271.8099775643 270.5508011406 269.4927544801 268.8636757159 21.50761689452368 13.362643079321343 6.800749589285118 8.086858443700006 7.926070389197516 7.862320512893544 7.836225854248762
11404800.0 273.5258907524 273.2167846083 272.5245885137 271.894993625 270.6797017423 269.621347343 268.9709046466 21.386891747832497 13.035880156348416 6.816553356201021 8.105588669225963 7.936489508373669 7.8684881976794845 7.840257414726863
11491200.0 273.2323262235 273.2078287479 272.5606946071 271.9629998437 270.7908310981 269.7401792794 269.0747501774 18.857518564396212 11.622485698664896 6.829911767241752 8.121957522335947 7.946138052833861 7.874492058903217 7.8443109733096925
11577600.0 273.2186702436 273.1933919524 272.5881054967 272.0194836043 270.8889584815 269.8506005973 269.1749594258 13.436136059855357 10.284521567464306 6.840901786453072 8.136616132466289 7.955233582063569 7.880356338697251 7.84837075228901
11664000.0 273.1941522382 273.1666091472 272.6035826267 272.0637424827 270.9743330104 269.9518166065 269.2704708501 10.337741583102483 9.028733633218554 6.8474692584115315 8.148803583205186 7.963633727930445 7.885993699056175 7.852384261418834
11750400.0 273.219128762 273.1122480113 272.5983714161 272.0919167667 271.0470690455 270.043766149 269.3606144164 13.540827055792752 7.981098465741904 6.845227122743736 8.156746176620247 7.971179635164919 7.891349597161279 7.856309177995755
11836800.0 273.2321704143 273.0001612765 272.5551208949 272.0956510126 271.1067526684 270.1272894416 269.4456333903 18.74953169014591 7.278234366291532 6.8277705105753785 8.157273501666483 7.977654271909736 7.896422870346759 7.860140180626501
11923200.0 273.3102646346 272.9248670962 272.5073356378 272.0825864049 271.1519847317 270.2019154471 269.5252576628 21.846947886143305 7.11167270416921 6.81057143848169 8.152848459023877 7.982733736966581 7.901135060319772 7.863848425840248
12009600.0 274.5980315801 273.1281945037 272.6083647964 272.1343919821 271.1979435177 270.2690589602 269.5992361924 21.713826727613444 8.191502592257425 6.849555206045071 8.169288288493352 7.988099067647346 7.905528734229131 7.867403813203908
12096000.0 273.4890885109 273.1370579288 272.6479824147 272.1812346006 271.2486735751 270.3324990699 269.6687652973 23.021028428782728 8.33413806756943 6.867966912951576 8.184905123823045 7.9942600800554775 7.909822091615042 7.870847120629052
12182400.0 273.2359949641 273.0967968059 272.6513707761 272.2085811904 271.297431968 270.393311834 269.7347663347 22.073441592121792 7.81900891030966 6.869642705595296 8.194254393291644 8.00041131570562 7.914074588352089 7.87421154265894
12268800.0 273.2280692688 272.9985650378 272.6149338577 272.2112019544 271.3386626665 270.4507529671 269.7976483661 16.450860998227213 7.273455607288766 6.852466047958348 8.194650233887481 8.005788921483504 7.918221248184417 7.877508036323087
12355200.0 273.221930059 272.8961365842 272.5554361205 272.1899739127 271.3670470732 270.5023105078 269.8566005989 14.254373273979164 7.068672069661022 6.82789080712137 8.186572987111566 8.009574144858417 7.922056349673544 7.880683013807603
12441600.0 273.205865673 272.8280552674 272.5069442406 272.1659028166 271.3868070694 270.5482072502 269.9118466853 11.38919456741514 6.990853636506296 6.810438532500321 8.178018089610132 8.012246777594976 7.92556487267216 7.883735958759628
12528000.0 272.4188552706 272.4306306412 272.2818264598 272.0537568748 271.3827361551 270.5854965583 269.9625028217 6.783298551895423 6.786635538466042 6.749604545482046 8.142758903119732 8.011604749395506 7.928483786202444 7.88660402934342
12614400.0 270.5799093766 271.3088961924 271.5900176614 271.6734376341 271.304205064 270.6025735846 270.0052785927 6.592275785050399 6.631903403893575 6.654185081658536 8.056799485002777 8.000949793854325 7.929841663079356 7.889079158032418
12700800.0 271.4991715489 271.4838532257 271.5085780758 271.5031718662 271.2105834154 270.6005100662 270.0380922191 6.6463647630930875 6.645109528963386 6.647144258753788 8.028624489333948 7.989208998839745 7.929676865694403 7.891011991410759
12787200.0 273.1766539697 272.3631568735 271.9561281413 271.6623411391 271.1835435254 270.5966662466 270.063640148 9.39226865921077 6.7685431782780645 6.694287337853993 8.055236094357987 7.986012392047171 7.929370416773456 7.892537930534283
12873600.0 273.2285377538 272.6033421876 272.1858116485 271.815656604 271.1961705357 270.5971470618 270.0861234831 16.669579313483037 6.847365103901142 6.730408634330068 8.085343762529224 7.987548429324583 7.92940871232093 7.893896426598812
12960000.0 273.2360915304 272.7639114352 272.3205981 271.926228104 271.2414749012 270.6111738978 270.1077682236 22.18017833490628 6.937278727718778 6.758285244314352 8.110402810197634 7.99306854921803 7.9305306446057005 7.895218312176275
13046400.0 273.2389046293 273.0559077666 272.5274998605 272.0677872238 271.3048850403 270.6392798355 270.1330392892 26.05547015727715 7.514574677700566 6.817587227269545 8.148350088108415 8.001118419027197 7.9328066310535545 7.896779447974899
13132800.0 273.818505884 273.1979561364 272.6788005383 272.1996428427 271.3806504816 270.677822448 270.1628692508 29.20372454549769 10.627349121569628 6.8838674869538785 8.191161444815432 8.011293402518241 7.935990012780583 7.898647389917541
13219200.0 273.8224746527 273.2203970486 272.7512813027 272.2901442574 271.4561350634 270.7238452932 270.1973034647 28.787868589718393 13.847229839435425 6.928284087094919 8.225834469062736 8.022086062997706 7.939889133731311 7.900838394357299
13305600.0 274.7747120463 273.2284758289 272.801732358 272.3548939742 271.5231761692 270.7736736013 270.2361175572 27.380176880551012 16.64012894958756 6.96708058066757 8.254161205589723 8.03227608819586 7.944236421925295 7.9033540290985185
13392000.0 275.4029952644 273.2335614454 272.8984995944 272.4332889865 271.5881166737 270.8245973486 270.2772140605 26.778779821768108 19.784383691668726 7.071928312686265 8.294462829750152 8.042767607895254 7.948821405374802 7.90607240624504
13478400.0 276.7525165947 273.2372728948 273.0809962782 272.5460140034 271.6566692186 270.8764920315 270.3196696118 26.193264294553327 23.610764180590095 7.683904741350107 8.36879358164453 8.054596335074832 7.953649783529621 7.908941998194471
13564800.0 275.2420708302 273.2389122806 273.1816143516 272.6483423312 271.7306642713 270.9306707487 270.3638460812 28.692421976688504 26.068502571467274 9.611170228209131 8.458960479426333 8.068328512055768 7.958868450747453 7.911996566226089
13651200.0 276.1807465369 273.2397956431 273.2158768413 272.7157913293 271.8009507016 270.9865035864 270.4097030385 27.68138573930225 27.69238476542704 12.858916923042745 8.53560449251583 8.082387700397184 7.964448156995078 7.9152443528839145
13737600.0 275.75126857 273.2412785893 273.2200350893 272.7585061766 271.8627957483 271.041865975 270.4565688294 27.680522160848206 31.065647121230015 13.757145713544206 8.59326119910102 8.0956736474911 7.970196056680838 7.9186480545925075
13824000.0 276.4028739494 273.2429417604 273.215068913 272.7854506393 271.915410187 271.0950519094 270.5036361398 26.731803240619264 36.19700399884806 12.709114111579495 8.633386781051085 8.107728219160759 7.975933097823323 7.922156070089231
13910400.0 275.5355298367 273.2439008024 273.2088230059 272.8041415685 271.9599630743 271.1450752616 270.5501168112 26.28486113527604 40.040879981263195 11.749092055786852 8.663180388542624 8.118534094575262 7.981533882512188 7.92571248643062
13996800.0 275.8299150461 273.2447338695 273.2007613351 272.8174197383 271.997969106 271.1915914977 270.5954058911 26.894080638562247 44.01206410050536 10.869535465217947 8.685029221139752 8.12822710482234 7.986931418717709 7.9292697309001525
14083200.0 276.9075151878 273.245612442 273.1900788486 272.8264094915 272.0306447629 271.2346256624 270.6391135119 26.441531186905234 48.815440479341376 10.068331056589917 8.699435144883033 8.136938648098763 7.992097216175521 7.9327926952409955
14169600.0 277.2247466471 273.2464428311 273.1753885363 272.831678808 272.0593078576 271.2747484134 270.6812695054 25.752433034991686 53.68167986191288 9.3410549525572 8.70642903659884 8.144888486693453 7.997071202522401 7.936277949097659
14256000.0 275.6859749238 273.2470575325 273.1552494788 272.8323958757 272.0838433205 271.3117176058 270.7215354348 25.19050436369079 57.13627620892955 8.710444187495483 8.703749514188441 8.151932131344836 8.001796179255342 7.939690466031833
14342400.0 276.2065402353 273.2476697376 273.1289234886 272.8276360916 272.1041351364 271.3454582876 270.7596912945 24.685407636516665 60.05822504787099 8.20242349672786 8.689801693816708 8.157925029930231 8.006233353734483 7.943002594730494
14428800.0 279.8921534074 274.8781543502 273.1990564788 272.8467370963 272.1238523701 271.3762940253 270.7955261244 24.215136905461875 60.58874214439421 10.719153402454939 8.734481294500776 8.16394164738768 8.01039760706519 7.946185533144376
14515200.0 281.2955100963 275.8539563092 273.2246546331 272.8647207906 272.1444754485 271.4056541491 270.829746252 24.16543922017691 59.81586843363002 15.098803800539596 8.779000219824715 8.170441982518321 8.01446371855003 7.9492929224481115
14601600.0 279.3758641074 275.5756529955 273.2324220062 272.8778708381 272.1650056577 271.4339025157 270.8625904328 25.48408263992641 59.89435406655896 18.92483039364851 8.812680276242515 8.17711654881696 8.018472941820761 7.952340045003697
14688000.0 279.1748589839 275.5014702217 273.2363586621 272.8876287779 272.1846610767 271.4611250046 270.8942278946 29.386228982219887 63.390016620527 22.482974726582867 8.83824242530104 8.183699953545716 8.022430379411277 7.955337278593014
14774400.0 277.7808211415 275.1758535354 273.2385755459 272.8954802948 272.2033607837 271.4875195828 270.9249782538 36.91008253999373 63.739000000000004 25.510183017726835 8.859269820359525 8.190146836537195 8.026358952995764 7.958310897718009
14860800.0 278.0462775722 275.1698810281 273.2400511099 272.9017444933 272.2207720451 271.5128434577 270.954663127 37.49726959728111 63.739000000000004 28.210306565118188 8.876280421189561 8.196316892559507 8.030216206322246 7.961239945503539
14947200.0 277.2614836232 274.9999923146 273.2411304723 272.9069568236 272.2369500471 271.5370885317 270.9833371909 40.94911883541453 63.739000000000004 30.68517708480842 8.890622384195478 8.202201731267118 8.033993077603192 7.964125638639971
15033600.0 276.8940232741 274.8498766297 273.2418730092 272.9113989528 272.2517944265 271.5600163303 271.0107904239 46.10582020759716 63.739000000000004 32.70754408438882 8.903072085564839 8.207735894180452 8.037643136243059 7.966942107576301
15120000.0 276.6422909231 274.746868838 273.2424541252 272.915416735 272.2656985968 271.5819217958 271.0372826783 46.852150716796785 63.739000000000004 34.5111471352544 8.91458737516312 8.213042243725521 8.041204133084511 7.969711342032894
15206400.0 275.5585600634 274.3953276571 273.2428516751 272.9192117397 272.2789377374 271.6030720112 271.0630518579 53.47483168895904 63.739000000000004 35.8728236432565 8.925787538483098 8.218210071633456 8.044713144151375 7.972454912189502
15292800.0 276.390943813 274.5790111475 273.243247391 272.9227167904 272.2913028571 271.6231218463 271.087725513 49.470197358770314 63.739000000000004 37.342174570709986 8.936376126564904 8.223142129072768 8.048105996648689 7.975129399145749
15379200.0 276.8891475656 274.7919541175 273.2436900229 272.9259315728 272.3030337068 271.6423460401 271.1115563531 44.91236007856996 63.739000000000004 39.13155489282949 8.946186008105585 8.227918872552552 8.05142183464777 7.977758023132379
15465600.0 277.9789429485 275.2168802104 273.2442330817 272.9287896907 272.3141754546 271.6608000718 271.1345857283 41.05321911041671 63.739000000000004 41.5521431711938 8.954844314364616 8.23254662692032 8.054664424605122 7.980341960688121
15552000.0 278.9242450516 275.6561916615 273.2448429921 272.931273937 272.3247587186 271.6785312536 271.1568528554 38.1221026607145 63.739000000000004 44.57669713514898 8.962211806954585 8.237026859868292 8.057836699293189 7.982882403186693
15638400.0 277.8542561446 275.4224738086 273.2453221396 272.93356457 272.3348275835 271.6955827633 271.1783946537 37.03317509516178 63.739000000000004 47.168175348375634 8.969078802782127 8.241368222831078 8.060941369431 7.985380520432395
15724800.0 277.1039118791 275.1335706237 273.2456925103 272.9357875019 272.3444385719 271.7119972897 271.1992464907 41.290105634492896 63.739000000000004 49.27781934726991 8.975960645379061 8.245586454827608 8.063981540938027 7.987837530246014
15811200.0 277.6673545283 275.2750834726 273.2460808165 272.937939174 272.3536426222 271.7278169235 271.2194427283 42.83891055337429 63.739000000000004 51.55209532975686 8.982770914772763 8.24969635676099 8.066960687294172 7.9902547520228016
15897600.0 279.7201160561 276.0372853443 273.2466459973 272.9399500375 272.3624735809 271.7430806373 271.2390164259 39.1630715197794 63.739000000000004 54.85788549198565 8.989135207465184 8.253706136656477 8.069882153731717 7.992633562881695
15984000.0 282.669441588 277.2778658026 273.2476098905 272.9418766475 272.3709615502 271.7578203989 271.2579973734 35.51121542241432 63.739000000000004 59.80544381714593 8.995324706198033 8.257623296799835 8.072748347015965 7.994975142642054
16070400.0 283.1238251967 277.9117706651 273.6437023982 272.9940314351 272.3842888962 271.7728152624 271.2765712922 33.83718099746554 63.739000000000004 63.739000000000004 9.383269994603678 8.26400662553938 8.075710749975357 7.99730052193066
16156800.0 281.5396225841 278.1072400968 274.7215585098 273.0627654123 272.4025976013 271.7884390427 271.2949747072 44.21551320344537 63.739000000000004 63.739000000000004 10.829515075119906 8.273113640970934 8.078848780746732 7.999638563738567
16243200.0 281.4071813614 278.006561914 274.819072858 273.0939792377 272.424984433 271.8055976773 271.3134560117 46.77262223310878 63.739000000000004 63.739000000000004 12.553784851647722 8.284707385889288 8.082357272165678 8.002021418031477
16329600.0 281.0085731824 277.9033076117 274.8489149988 273.1104188253 272.4469665563 271.8242235398 271.3323571643 46.35090406693371 63.739000000000004 63.739000000000004 14.281988678704217 8.296580139506297 8.086241816383257 8.00449551443325
16416000.0 280.1000630584 277.5548938392 274.7884429484 273.120513943 272.4669161629 271.8433937253 271.3516288563 60.91258036594372 63.739000000000004 63.739000000000004 15.894172424866166 8.30781192461538 8.090325416593164 8.007057755779176
16502400.0 278.8236986205 277.0003942214 274.6511363769 273.1273211299 272.4846768068 271.8625331111 271.3711237394 63.739000000000004 63.739000000000004 63.739000000000004 17.333629703141714 8.318205561802213 8.094492170817276 8.009691486989748
16588800.0 277.1519635249 276.0811251486 274.3632511769 273.1320020392 272.5002339303 271.8811777108 271.3906470659 63.739000000000004 63.739000000000004 63.739000000000004 18.427959113073005 8.327634656330815 8.098640596123927 8.012372362756167
16675200.0 277.9099181007 275.9904938258 274.2587892664 273.1355241014 272.5140467591 271.899107597 271.4099834623 63.739000000000004 63.739000000000004 63.739000000000004 19.27369851272101 8.336279179355436 8.102716266060558 8.015071465985848
16761600.0 277.1618050434 275.8462814858 274.2432126828 273.1384637645 272.5264866666 271.9162765638 271.429006158 62.28610228276228 63.739000000000004 63.739000000000004 20.103194616943743 8.344297695665603 8.106701094298336 8.01777059233387
16848000.0 277.0240561394 275.6299941978 274.1629348308 273.140880812 272.53764807 271.9325544199 271.447553585 59.5980210007185 63.739000000000004 63.739000000000004 20.822951505469717 8.351689563316127 8.110555881211697 8.020445276233735
16934400.0 277.9013102948 275.9085222467 274.2337215734 273.1430197309 272.5478571057 271.9480503436 271.4656038255 54.06416647848288 63.739000000000004 63.739000000000004 21.566659891097796 8.3586231413929 8.114297267521374 8.023090131300105
17020800.0 279.2018197853 276.5529819011 274.4644331054 273.145056374 272.5571596902 271.9626961631 271.483037657 48.52729299013955 63.739000000000004 63.739000000000004 22.571878171505404 8.365090454477917 8.117899827268511 8.025684924262801
17107200.0 277.7914715996 276.2879373674 274.4616823283 273.146930964 272.5659366738 271.9768196842 271.5000661436 54.12417568873064 63.739000000000004 63.739000000000004 23.584847083168665 8.371329643535377 8.121436957162208 8.028258581387668
17193600.0 277.26553643 275.8912122359 274.3251693666 273.1485838186 272.5741375896 271.9903242412 271.5165848647 53.40634789140213 63.739000000000004 63.739000000000004 24.445659919485806 8.377284082522568 8.124878704695961 8.030793159000353
17280000.0 279.6990734678 276.6482155074 274.515146329 273.1501916798 272.5818465329 272.0032597099 271.5326063557 46.89650910514808 63.739000000000004 63.739000000000004 25.376102292090177 8.382995568467658 8.128231675374682 8.033288064971218
17366400.0 281.0743213741 277.5833837655 274.8930125105 273.1519879354 272.5891332289 272.0156736024 271.548148496 42.13295400680086 63.739000000000004 63.739000000000004 26.665673025312984 8.388499852308643 8.13150267816487 8.035743639571812
17452800.0 278.1795589073 276.8915024014 274.8106003352 273.1540540239 272.5960750712 272.0276316798 271.5632542591 51.79482846814325 63.739000000000004 63.739000000000004 28.017734952438726 8.393842905497197 8.134704226269065 8.038164405751674
17539200.0 278.9275942289 276.6611440705 274.7025619539 273.2801531065 272.6030003293 272.0391726054 271.5779360612 54.43903658877912 63.739000000000004 63.739000000000004 28.976625277615376 8.39929238385743 8.137842481085329 8.04055024579295
17625600.0 278.0981826391 276.5659255852 274.875617102 273.4425959391 272.6148228708 272.0507435566 271.5922219895 55.59312672535317 63.739000000000004 63.739000000000004 29.55558837751265 8.40909892475486 8.141037875742896 8.042903726509506
17712000.0 278.5862016524 276.7008231299 274.9679716991 273.4936753241 272.6308067025 272.0634186756 271.6064534083 52.8598192399257 63.739000000000004 63.739000000000004 30.2078665481206 8.422897958624738 8.14459600587666 8.04528030654491
17798400.0 278.2166426577 276.602789556 274.9680422461 273.5148878932 272.6468641483 272.0769125038 271.6208342715 54.10936217077213 63.739000000000004 63.739000000000004 30.86423412255064 8.437369766838826 8.148452318581143 8.047715120997513
17884800.0 278.2978011081 276.6038913018 274.9764008611 273.5292975637 272.6618665997 272.090861857 271.6353902576 50.78356356622127 63.739000000000004 63.739000000000004 31.519828909845476 8.451484938272422 8.152515234617058 8.050214452725653
17971200.0 279.270094605 277.0048471632 275.1360716393 273.5659363651 272.6755194197 272.1049133349 271.6500625025 45.92393184309233 63.739000000000004 63.739000000000004 32.24386171986872 8.464871337367292 8.156689015397125 8.052770099077186
18057600.0 279.4212003556 277.2080888124 275.2638832804 273.599872074 272.6878414023 272.1188032297 271.6647561231 44.61924899288078 63.739000000000004 63.739000000000004 33.04283854704434 8.477429945772158 8.160897499689927 8.055366939042274
18144000.0 281.7578250837 278.2441854799 275.6986964754 273.6855127994 272.6989771324 272.1323629374 271.6793734802 40.059595145768974 63.739000000000004 63.739000000000004 34.111567533602326 8.489197900053389 8.165087923037888 8.057988426230315
18230400.0 284.0546616675 279.5468452759 276.32501527 273.8138428134 272.7090704412 272.1454941287 271.6938264839 36.3264880685437 63.739000000000004 63.739000000000004 35.586556035146444 8.500229315725251 8.169225690848071 8.060618753696021
18316800.0 285.30001902 280.524523625 276.8895601225 273.9420029056 272.7182291109 272.15814597 271.7080517454 33.518391199789356 63.739000000000004 63.739000000000004 37.38664804729991 8.510554801011343 8.173289086317734 8.063245759855914
18403200.0 284.9757411248 280.7610526754 277.1604386432 274.0224251834 272.7265417108 272.170295535 271.7220019938 31.551569634460307 63.739000000000004 63.739000000000004 39.35199730869076 8.520197338946138 8.17726425760305 8.065859618078736
18489600.0 283.5484606284 280.289200763 277.0776252102 274.0335018457 272.7340971485 272.1819371437 271.7356417473 30.222659279602002 63.739000000000004 63.739000000000004 41.28255517905452 8.529194318916154 8.181142503891602 8.068452215761308
18576000.0 282.4258324692 279.7076990815 276.8467748698 274.0052056586 272.740993515 272.1930787292 271.7489477806 35.25836577322683 63.739000000000004 63.739000000000004 43.08065839650892 8.537608742363142 8.18491957497349 8.071017402001658
18662400.0 282.2731806899 279.433988142 276.68565891 273.9806426172 272.7473333338 272.2037393333 271.7619071634 34.05474933369611 63.739000000000004 63.739000000000004 44.770258862558634 8.54552322493167 8.188595220808919 8.073550768600137
18748800.0 283.6862700198 279.9006806393 276.8254482654 274.0095962261 272.7532232517 272.2139472307 271.7745157634 32.470264463950734 63.739000000000004 63.739000000000004 46.50273671792921 8.553039423854909 8.192172860275985 8.076049493464666
18835200.0 284.5792413527 280.43113743 277.1023372072 274.1454394076 272.7613934096 272.2240136259 271.7868286055 30.81392279763844 63.739000000000004 63.739000000000004 48.103077 8.564063879415594 8.195758087022144 8.07852264499213
18921600.0 285.1028878303 280.9308177942 277.571790717 274.7712608669 272.7790923117 272.2350288098 271.7990940068 30.120105760907855 63.739000000000004 63.739000000000004 48.103077 8.590102973373572 8.199748131119852 8.081019464161868
19008000.0 285.882736697 281.5067461125 278.0329662146 275.0918847212 272.797962917 272.2472521787 271.8115576483 29.34602698599432 63.739000000000004 63.739000000000004 48.103077 8.619887621479418 8.204260141778246 8.083591354479957
19094400.0 285.7223650322 281.704909139 278.3018245543 275.2790533489 272.8146583083 272.2602651709 271.8243135359 28.717511222659223 63.739000000000004 63.739000000000004 48.103077 8.648120863923126 8.209164393022244 8.086260631603588
19180800.0 281.4588913529 280.2739167199 277.9190018703 275.24962656 272.8290924584 272.2735261892 271.837263465 35.526927964371595 63.739000000000004 63.739000000000004 48.103077 8.674153631576068 8.214272902938255 8.089009807259863
19267200.0 279.6290110927 278.7759416609 277.1338034257 275.0004030251 272.8413228584 272.2867643828 271.8503810991 55.78995293355963 63.739000000000004 63.739000000000004 48.103077 8.697500205330709 8.219488373490158 8.09183594931129
19353600.0 280.0526533275 278.3740419311 276.6430876814 274.7631455061 272.8515066625 272.2996369986 271.8635733914 63.739000000000004 63.739000000000004 63.739000000000004 48.103077 8.717918943699392 8.224674959928945 8.094721232917365
19440000.0 280.4122625975 278.4321984695 276.5256241084 274.6763155136 272.8601560008 272.3119270524 271.876666393 63.739000000000004 63.739000000000004 63.739000000000004 48.103077 8.736035418169557 8.229736767794128 8.097628562245406
19526400.0 279.8955650364 278.2741978961 276.4555841877 274.6500778398 272.8676216552 272.3235556491 271.8895411734 63.739000000000004 63.739000000000004 63.739000000000004 48.103077 8.752291143781077 8.234628663594437 8.100530995767336
19612800.0 280.9138074935 278.5644798525 276.5188746151 274.6641446984 272.8741258943 272.3344931108 271.9020922129 63.64898171712043 63.739000000000004 63.739000000000004 48.103077 8.766950249142218 8.23932399404987 8.103403130479089
19699200.0 282.702132527 279.4486355912 276.8973205385 274.7946766819 272.8799207696 272.3448297172 271.9142995605 59.51734591229052 63.739000000000004 63.739000000000004 48.103077 8.780426335505384 8.243848124451684 8.10623805822562
19785600.0 282.9183742697 279.8966915282 277.2335206308 274.9544116544 272.8850537844 272.354518004 271.9260763105 57.58829390970574 63.739000000000004 63.739000000000004 48.103077 8.79270271062664 8.248167483128494 8.109012672939219
19872000.0 280.8289670363 279.190618392 277.0725418845 274.9531305587 272.8897304498 272.3637096512 271.9374872318 63.739000000000004 63.739000000000004 63.739000000000004 48.103077 8.80418548569562 8.252338242434039 8.111739170149708
19958400.0 280.5076132734 278.8195361524 276.879116636 274.8962350597 272.8940360675 272.3724483237 271.9485388055 63.739000000000004 63.739000000000004 63.739000000000004 48.103077 8.815025708708188 8.256371138720157 8.11441636671861
20044800.0 281.8373558787 279.1773117295 276.9279904667 274.8938248409 272.8980907181 272.3808538092 271.9593143406 61.63696687062738 63.739000000000004 63.739000000000004 48.103077 8.825487435814944 8.26031427133586 8.117062132530156
20131200.0 281.527607604 279.2905786372 277.034698963 274.9428340159 272.9019090205 272.3888736403 271.9697490944 63.739000000000004 63.739000000000004 63.739000000000004 48.103077 8.835588270486035 8.264136590630041 8.119658325802288
20217600.0 281.7584208316 279.3904767377 277.1148236967 275.0566603761 272.9080314488 272.3966139336 271.9798530573 63.739000000000004 63.739000000000004 63.739000000000004 48.103077 8.853934695467208 8.267882812996996 8.122204899033212
20304000.0 281.958074841 279.5697402252 277.3039693841 275.3161751336 272.9274398562 272.4051215202 271.9898125372 63.739000000000004 63.739000000000004 63.739000000000004 48.103077 8.922027899234768 8.272066879532952 8.124747209561868
20390400.0 280.0368637078 278.9652278961 277.2304373416 275.4167786998 272.9463205695 272.4148179073 271.9998524101 63.739000000000004 63.739000000000004 63.739000000000004 48.103077 8.99787652512242 8.276922970702614 8.127343048761679
20476800.0 279.2700668199 278.2555168859 276.8783960098 275.3165620975 272.9619382456 272.4256816308 272.0102118727 63.30582392082841 63.739000000000004 63.739000000000004 48.103077 9.069346852292023 8.28247789726103 8.130057022393792
20563200.0 279.9114426988 278.2375121712 276.7124504176 275.2070653435 272.9743014844 272.4370450485 272.020936365 59.49346551604948 63.739000000000004 63.739000000000004 48.103077 9.132815874220759 8.288422259019171 8.132905479813795
20649600.0 281.0354032062 278.722021319 276.8550530172 275.2253207087 272.9840933533 272.448335442 272.0319275533 54.31591687733604 63.739000000000004 63.739000000000004 48.103077 9.188302639823325 8.294469385526106 8.135866757093844
20736000.0 280.2888848738 278.6755284378 276.9287956907 275.2784502108 272.9922126017 272.4592349164 272.042986538 57.97539604069318 63.739000000000004 63.739000000000004 48.103077 9.238023000015 8.300445773528832 8.138890243562773
20822400.0 277.1328355182 277.3513370031 276.4573194096 275.1467979255 272.9991508814 272.4696241517 272.0539837809 61.732797977115354 63.739000000000004 63.739000000000004 48.103077 9.2829658635241 8.306274176032522 8.141941648749734
20908800.0 276.3542033743 276.3006867224 275.7839122915 274.8411166235 273.0051940457 272.4795175787 272.0648388102 63.739000000000004 63.739000000000004 63.739000000000004 48.103077 9.324000546882893 8.311948583861295 8.14499850198056
20995200.0 277.3989348437 276.370303657 275.534831239 274.6241022648 273.0103672753 272.488826102 272.0754526588 60.76109938302078 63.739000000000004 63.739000000000004 48.103077 9.360466533493506 8.317402193438848 8.148031653613149
21081600.0 276.3766296043 275.9728963299 275.2989913944 274.4781727012 273.0148047979 272.4975290671 272.0857399172 63.739000000000004 63.739000000000004 63.739000000000004 48.103077 9.392760679624196 8.322605140575927 8.151014225697267
21168000.0 275.4742416374 275.4134843834 274.9722578009 274.3075892505 273.0187462517 272.5057635886 272.0957342452 62.57086406237129 63.739000000000004 63.739000000000004 48.103077 9.42232045307977 8.327623789427223 8.153953147279122
21254400.0 275.9825984402 275.4095498151 274.84315856 274.2015456932 273.0222813474 272.5135643861 272.1054301377 58.104927035569666 63.739000000000004 63.739000000000004 48.103077 9.44957380381315 8.33246673351605 8.15684411122363
21340800.0 276.3324415267 275.5311264737 274.835097788 274.1619155752 273.0254818003 272.5209663368 272.1148287312 54.16594394126795 63.739000000000004 63.739000000000004 48.103077 9.474890487862845 8.337144251839808 8.159684712367321
21427200.0 273.7574709236 274.4467007286 274.3780780378 273.9790735926 273.0283999369 272.528002795 272.1239357083 53.81130230708449 63.739000000000004 63.739000000000004 48.103077 9.498524667697316 8.341667197438783 8.162473941950187
21513600.0 274.6196455237 274.4151045616 274.1978342663 273.8499504179 273.0310777616 272.5347047357 272.1327597294 49.505564763643974 63.739000000000004 63.739000000000004 48.103077 9.520691339365012 8.346046317617887 8.165211792987662
21600000.0 275.1281979755 274.5867868713 274.1909193195 273.8023736949 273.0335506072 272.5411005054 272.1413112709 46.376697026692966 63.739000000000004 63.739000000000004 48.103077 9.541587732807733 8.350291928351357 8.16789895478722
21686400.0 274.4509073712 274.3444551349 274.0794165615 273.7440257405 273.0358468538 272.5472158134 272.1496018072 44.695675800140506 63.739000000000004 63.739000000000004 48.103077 9.561373503884184 8.354413742333506 8.17053658782597
21772800.0 274.3121587886 274.1916114513 273.9728377002 273.6842704949 273.0379892359 272.55307382 272.1576432371 48.045773729901526 63.739000000000004 63.739000000000004 48.103077 9.580175664180148 8.358420769847891 8.173126157568964
21859200.0 274.8675864675 274.3612942242 274.0002287072 273.6735829067 273.0399972718 272.5586953384 272.1654474969 44.67080846929994 63.739000000000004 63.739000000000004 48.103077 9.598111120239164 8.362321310483972 8.175669315515094
21945600.0 274.7365802104 274.3591274142 274.0049342304 273.671232976 273.0418875117 272.5640990681 272.1730262969 42.73489719772943 63.739000000000004 63.739000000000004 48.103077 9.615282559099501 8.366122984168399 8.178167811721647
22032000.0 275.4027398693 274.6395888097 274.1213697942 273.7133349937 273.0436749882 272.5693018783 272.1803910258 41.190192890769474 63.739000000000004 63.739000000000004 48.103077 9.631793101669949 8.369832817485992 8.18062345744745
22118400.0 276.1967376692 275.0785845973 274.3439960054 273.8100237478 273.0453740932 272.5743187293 272.1875498152 39.791265596639256 63.739000000000004 63.739000000000004 48.103077 9.647754472219678 8.373457086156588 8.18303712274729
22204800.0 277.815106557 275.9287422314 274.7774674588 274.0037346295 273.0469995323 272.579163725 272.1945159465 37.83767423566756 63.739000000000004 63.739000000000004 48.103077 9.663297692827502 8.37700199030123 8.18541155657733
22291200.0 277.6160291123 276.1904874636 275.0483792207 274.1710653426 273.0485625898 272.58384995 272.2012995925 40.35992476860632 63.739000000000004 63.739000000000004 48.103077 9.678516804811734 8.380473483863842 8.187748619915737
22377600.0 275.437524786 275.403281002 274.8355013457 274.1512133941 273.0500679017 272.5883892115 272.207910103 45.57140931943421 63.739000000000004 63.739000000000004 48.103077 9.69342047665471 8.38387702542286 8.190050027516952
22464000.0 274.6881755523 274.8125913635 274.5276441447 274.0321855791 273.0515172089 272.5927919147 272.2143562835 44.12566849266018 63.739000000000004 63.739000000000004 48.103077 9.707986543829485 8.387217419196137 8.192317430490228
22550400.0 274.892165789 274.6662176849 274.3554392258 273.9282190533 273.052912612 272.597067142 272.2206463688 42.820662279076785 63.739000000000004 63.739000000000004 48.103077 9.722207015775197 8.390498807974593 8.194552396380159
22636800.0 273.8845321608 274.1616281516 274.0772428136 273.789201162 273.054256169 272.6012228249 272.2267879999 42.64753037799041 63.739000000000004 63.739000000000004 48.103077 9.736077968569926 8.39372474549811 8.19675638966568
22723200.0 274.2335685465 274.104666873 273.9461966706 273.692478177 273.0555504376 272.6052659523 272.232788238 41.11967249313505 63.739000000000004 63.739000000000004 48.103077 9.749606741189496 8.396898307126278 8.198930765881883
22809600.0 275.1136517665 274.4321017413 274.0240493658 273.6872883149 273.0567989495 272.609202783 272.2386536022 40.2029175357422 63.739000000000004 63.739000000000004 48.103077 9.762818690305089 8.400022216873815 8.201076774703415
22896000.0 275.1075714884 274.5395929097 274.0894505456 273.7089951102 273.0580055045 272.6130390285 272.2443901326 39.03113069706348 63.739000000000004 63.739000000000004 48.103077 9.775745396375646 8.403098961294596 8.20319557337486
22982400.0 275.0714594052 274.5676663214 274.1241170738 273.729114928 273.0591736274 272.6167799573 272.2500034324 38.22934518478475 63.739000000000004 63.739000000000004 48.103077 9.788416154838883 8.406130850221414 8.205288233964685
23068800.0 274.2061264066 274.2193666903 273.9945841688 273.6881646456 273.0603057454 272.6204304624 272.25549877 37.84347333709149 63.739000000000004 63.739000000000004 48.103077 9.800844668678845 8.40912005212174 8.207355773857781
23155200.0 275.4640979558 274.6200136944 274.1144810869 273.7187233564 273.0614046658 272.623995071 272.2608810385 39.1739626842762 63.739000000000004 63.739000000000004 48.103077 9.81305423628897 8.412068585674872 8.20939913458048
23241600.0 275.8307345495 274.9148513849 274.2763571198 273.7889758357 273.0624735392 272.6274780263 272.2661548479 37.63160622948873 63.739000000000004 63.739000000000004 48.103077 9.825076158432852 8.41497837234379 8.211419210455574
23328000.0 275.2976351412 274.8114144654 274.2942261827 273.8198822425 273.0635148374 272.6308833152 272.2713245484 38.40958866723721 63.739000000000004 63.739000000000004 48.103077 9.836931825759946 8.417851247438861 8.2134168528498
23414400.0 275.7439062591 274.9699392789 274.371050774 273.8595070999 273.0645306944 272.634214675 272.2763942425 36.83064036541948 63.739000000000004 63.739000000000004 48.103077 9.848639141610171 8.420688954812078 8.215392870178658
23500800.0 276.2594432363 275.2465247176 274.5150788992 273.9268992519 273.0655231878 272.6374756156 272.2813678171 35.44720891176899 63.739000000000004 63.739000000000004 48.103077 9.860217227928315 8.423493155198118 8.21734803641585
23587200.0 275.4779556817 275.0315032932 274.4813312248 273.9380134962 273.0664935905 272.6406694103 272.2862489455 34.633035116935915 63.739000000000004 63.739000000000004 48.103077 9.871672622865365 8.426265408839527 8.219283088235946
23673600.0 274.2239851035 274.4384899121 274.2296799995 273.8492549822 273.0674421336 272.6437990735 272.2910411019 35.239340549507816 63.739000000000004 63.739000000000004 48.103077 9.882995150364499 8.429007145537737 8.221198727020294
23760000.0 276.7471185945 275.2600112616 274.4785587402 273.9114348876 273.0683700551 272.6468673821 272.2957475639 33.75034699745301 63.739000000000004 63.739000000000004 48.103077 9.894195297180312 8.43171967326351 8.223095616596163
23846400.0 276.3795714864 275.401748076 274.6205822936 273.9851535179 273.0692787283 272.6498769189 272.3003714355 32.79832648664747 63.739000000000004 63.739000000000004 48.103077 9.905286480150886 8.434404207317037 8.224974389413193
23932800.0 274.5612564141 274.7184434361 274.3946057228 273.927212945 273.0701686009 272.6528299745 272.3049147076 32.612345951763366 63.739000000000004 63.739000000000004 48.103077 9.916265380423665 8.437061773982277 8.226835257091247
24019200.0 274.5619987591 274.4687368544 274.2155917388 273.8416809329 273.0710398789 272.6557287025 272.3093805582 31.704075690136918 63.739000000000004 63.739000000000004 48.103077 9.927125602834062 8.439693339967528 8.228678945823239
24105600.0 274.0545643209 274.1488600779 274.0152482243 273.7379241644 273.0718927435 272.6585751554 272.313772075 31.085042183185667 63.739000000000004 63.739000000000004 48.103077 9.937861325028928 8.442299840338881 8.230506182066646
24192000.0 273.2408876891 273.6768473501 273.742379039 273.6006037659 273.0727272409 272.6613712345 272.3180918059 30.084358951523374 63.739000000000004 63.739000000000004 48.103077 9.94846474901364 8.444882127891738 8.232317501656079
24278400.0 273.2397452241 273.4785056202 273.5547816977 273.4831422884 273.0735434068 272.6641186711 272.32234204 27.592899083934864 63.739000000000004 63.739000000000004 48.103077 9.958928377408945 8.447440949743848 8.234113360392238
24364800.0 273.2380481532 273.3786951459 273.4361173606 273.397788277 273.074341297 272.6668190468 272.3265249138 24.69452447152799 63.739000000000004 63.739000000000004 48.103077 9.96924543115884 8.449976959813252 8.235894175295133
24451200.0 273.2375933391 273.3233177853 273.3619858677 273.3400299832 273.0751209853 272.6694738033 272.3306424317 24.04327059639227 63.739000000000004 63.739000000000004 48.103077 9.979409692541365 8.45249072230094 8.237660330722777
24537600.0 273.2356070992 273.2889646461 273.3148627417 273.3019642742 273.0758825506 272.6720842676 272.334696482 21.658587082546738 63.739000000000004 63.739000000000004 48.103077 9.989415187005237 8.454982730816635 8.239412183575952
24624000.0 273.2338617781 273.2677405384 273.284877236 273.2772180262 273.0766260694 272.6746516672 272.3386888449 20.030646163801062 63.739000000000004 63.739000000000004 48.103077 9.999256028898472 8.457453418177394 8.241150064673947
24710400.0 273.2348449596 273.2556818937 273.2666603159 273.2625580804 273.0773517168 272.677177145 272.3426212005 20.903077433425043 63.739000000000004 63.739000000000004 48.103077 10.008928482617884 8.459903167682967 8.24287428080857
24796800.0 273.2379555856 273.2499288836 273.2566532228 273.2550957265 273.0780597714 272.6796617746 272.3464951377 24.558239687851756 63.73888036217108 63.739000000000004 48.103077 10.018430984582574 8.462332324819268 8.244585116928015
24883200.0 273.2390441405 273.2496970447 273.2524081791 273.2515387956 273.0787504781 272.6821065714 272.3503121621 26.29572296705954 63.729753925147115 63.739000000000004 48.103077 10.027761269998663 8.464741205493642 8.246282838450632
24969600.0 273.2376557747 273.2495915502 273.2505745572 273.2500139959 273.0794240504 272.6845124991 272.3540737039 24.130002742604614 63.716351738320526 63.739000000000004 48.102597945314024 10.036916557440412 8.467130100643116 8.24796769333816
25056000.0 273.2380772621 273.2495224301 273.2499175407 273.2496071476 273.0800806769 272.6868804739 272.3577811239 24.73778963708085 63.70281533948134 63.738813499947334 48.101121431953 10.04589373169002 8.469499278552979 8.249639913827448
25142400.0 273.2396378795 273.2494763834 273.2498546015 273.2494861625 273.0807205163 272.6892113674 272.3614357191 27.383991724294113 63.69132619542014 63.73797758699193 48.09939742450395 10.054689252813187 8.471848985876573 8.251299717854293
25228800.0 273.2402535498 273.2494398157 273.2498194765 273.2494037749 273.0813436937 272.6915060039 272.3650387178 28.637861515915116 63.68064601315141 63.73704325724081 48.09760494025156 10.063299077486537 8.474179443498413 8.252947305820927
25315200.0 273.2397154564 273.2494058005 273.2497927007 273.2493375108 273.0819503067 272.6937651789 272.3685913225 27.534573894411086 63.6693848452511 63.73603714144095 48.095752060782125 10.071718787293326 8.476490864062965 8.25458287943798
25401600.0 273.2361705929 273.2493638835 273.2497700743 273.2492806153 273.0825404223 272.6959896352 272.3720946511 22.2686309699521 63.65363539397022 63.73495737766141 48.09384031685582 10.079943510782035 8.47878342553237 8.256206614021927
25488000.0 273.2323925155 273.2479725885 273.2497326321 273.2492299658 273.0831183375 272.6981888033 272.375563526 18.904031233911244 61.20796536083525 63.73264385955933 48.091881206647344 10.088040536821667 8.481066376079147 8.257825112119345
25574400.0 273.226227371 273.2470251855 273.2496870977 273.2491825138 273.0836780548 272.7003512763 272.3789796914 15.673713096149077 56.96419552856551 63.72881328776543 48.08983231301733 10.095899594000281 8.483327377206317 8.259429570520798
25660800.0 273.196810454 273.2456904146 273.2496412813 273.2491380074 273.0842221369 272.702482599 272.3823519923 10.535767322938597 49.2656899199234 63.72365412198156 48.087708433953836 10.103561668890977 8.48557166032554 8.261023812487709
25747200.0 270.8902258163 273.2437224705 273.2495915972 273.2490956892 273.0847497307 272.704581872 272.3856789797 6.606784101453219 39.26909205859563 63.71635954212851 48.08550268027849 10.111005358794486 8.487797760953068 8.26260685444684
25833600.0 269.8392291013 273.2414955314 273.2495375524 273.2490548589 273.0852593958 272.7066470607 272.388957584 6.566311596529218 31.642896888341742 63.70614119967014 48.08320131032274 10.118200632223857 8.490002969115473 8.264176914847823
25920000.0 267.5806267531 273.2362090638 273.2494708752 273.2490153226 273.0857528763 272.7086818951 272.3921936843 6.52227582385943 22.31202221954578 63.68980840869795 48.08080842587446 10.125172726400713 8.492190731181756 8.265736499432851
26006400.0 269.5028459418 273.2218062186 273.2493662726 273.2489760188 273.0862296567 272.7106861136 272.3953869321 6.557227439317649 14.21984749298607 63.654590768917764 48.07829139713012 10.131906945897569 8.494360265111332 8.267285154296479
26092800.0 266.075029822 273.1786640455 273.2471602691 273.2489043845 273.0866918396 272.712663789 272.3985435814 6.50556413215672 9.477305809467975 57.67290531101006 48.07435915367049 10.138435497499476 8.496515518146497 8.268825652003862
26179200.0 266.3622966564 269.8264114738 273.245924786 273.2488165887 273.0871364753 272.7146108626 272.401657454 6.508317302376663 6.5659403564680066 50.63360024310343 48.06890832329631 10.144699550719958 8.49865160355338 8.270354715811873
26265600.0 267.6853863598 270.1794972674 273.2448658279 273.248729414 273.0875634444 272.7165277685 272.4047289694 6.523689946211395 6.5770293210434545 44.69612630419918 48.06237362635796 10.150692357726717 8.500768491758208 8.271872262338642
26352000.0 269.2397650517 271.0570534578 273.243957003 273.2486436138 273.087972047 272.7184139676 272.4077575621 6.5509558748444565 6.615885914629118 40.289752034780115 48.05473931333559 10.156396564084044 8.50286507917538 8.273377721048
26438400.0 270.0845839917 271.5691241071 273.2431925295 273.2485597017 273.0883599798 272.7202665725 272.4107397254 6.573860914617977 6.6523269532859715 37.131345871124154 48.04602226325258 10.161765919376093 8.504937609382699 8.274869038159837
26524800.0 270.6217046074 271.8891701494 273.2424618303 273.2484795268 273.0887306025 272.7220909197 272.4136835366 6.59407292379198 6.685664701094905 34.53651864764653 48.036465260299614 10.16685756862005 8.506991530789612 8.276349961889963
26611200.0 270.9683905606 272.0950699203 273.2417337739 273.248402159 273.0890837132 272.7238873705 272.4165895989 6.610918552046456 6.7147320241441095 32.30560659187724 48.026050942657164 10.171662523794467 8.509026788265185 8.277820542573435
26697600.0 271.5452080015 272.3754103116 273.2411006937 273.2483277668 273.0894190871 272.7256562598 272.419458483 6.650244725728176 6.771652270375688 30.609990859828745 48.01488366244188 10.1761718235318 8.511043305614141 8.279280819914536
26784000.0 267.2744847521 270.6388893723 273.2383501552 273.2482406596 273.0897364828 272.7273978948 272.422290734 6.518362499205545 6.594824831976944 25.153196250795315 48.0001988762333 10.180376527028576 8.513040982984112 8.280730826147138
26870400.0 265.583639235 269.8223878936 273.230824095 273.2481286963 273.0900385943 272.7291162851 272.4250920907 6.50122392817703 6.565824263247735 17.888217734082072 47.978263084649335 10.18432277297644 8.515024013226896 8.28217328098073
26956800.0 266.1169549123 270.0679660989 273.1945712958 273.2479093054 273.0903220086 272.7308079966 272.4278577589 6.505955389425385 6.573321286941647 10.367699342996541 47.92197393915834 10.187941463772965 8.51698803238324 8.283605500571477
27043200.0 266.3165399733 269.8065498642 272.369332573 273.2462957607 273.0905833653 272.7324695258 272.4305831238 6.507867156218846 6.56536932364304 6.770101002538376 46.69395358360449 10.191166763093719 8.518928498488462 8.285024837287539
27129600.0 267.8438101927 270.1162718637 271.8429590766 273.2449358146 273.0908257101 272.7341047283 272.433273802 6.525907569364032 6.574902169798659 6.680104295871204 44.68578027078231 10.194054131698804 8.520849443715646 8.286433962196572
27216000.0 268.7086110105 270.5636306257 271.9901058806 273.2438149832 273.0910489355 272.7357138014 272.435930223 6.540037677133518 6.591587638970822 6.698945784669217 42.846966547995834 10.196594438748733 8.522750670130248 8.287832871940985
27302400.0 269.0082291445 270.7890375595 272.1091344815 273.2427010412 273.0912527913 272.7372969347 272.4385527994 6.54593840929663 6.60173992875448 6.717026868197932 41.14333503536708 10.19877899877116 8.524631976363171 8.289221558362494
27388800.0 269.2772459783 270.9689757193 272.2047572528 273.2414963438 273.0914369269 272.7388542958 272.4411419238 6.551810162631747 6.610950339259407 6.733963469469893 39.546939565479036 10.200600085324794 8.526493139326774 8.290600006722318
27475200.0 269.3074442004 271.0256173334 272.246710163 273.2400594212 273.0916010599 272.7403860273 272.4436979727 6.552507535517973 6.614089144120487 6.742229598934082 37.97884448073769 10.202051532821788 8.528333910347389 8.291968197437692
27561600.0 269.4019937365 271.0926554682 272.2857735863 273.2382521658 273.0917450594 272.7418922508 272.4462213012 6.554745249260775 6.6179703228192075 6.75046148934358 36.43818100270142 10.203130891276226 8.530154019225224 8.293326103253415
27648000.0 269.3721920551 271.0982532624 272.2959053975 273.2357661305 273.0918693131 272.743373082 272.4487122486 6.55403086660895 6.618302986711848 6.752688295284713 34.88248391607865 10.203848133870203 8.531953192624162 8.294673691560408
27734400.0 269.6964796902 271.2557489975 272.3575546124 273.2323416165 273.0919744116 272.7448286419 272.4511711018 6.562294589900393 6.628258790963618 6.76714578631729 33.412906994774914 10.204217316452691 8.533731166727689 8.296010904784103
27820800.0 269.2754494139 271.0818248848 272.2868248323 273.2263484963 273.0920604272 272.746259082 272.4535982416 6.551768931497992 6.617330525633012 6.750690711557311 31.836178751356076 10.204239329618494 8.535487719395796 8.297337739336006
27907200.0 267.8730878448 270.3943844024 271.9957350517 273.2085679655 273.092126808 272.7476645433 272.4559939484 6.526328304441453 6.584798456331426 6.699737359093504 29.813768396737714 10.203900728644172 8.537222620537033 8.298654140316076
27993600.0 268.4186215956 270.5173448833 271.9656545309 273.143246262 273.0921751678 272.7490451916 272.4583585246 6.534869268595501 6.5896660193262555 6.695573187208533 27.93986279065052 10.203241545636763 8.538935675131908 8.29996006777471
28080000.0 268.9729390557 270.6704457404 271.8462790328 272.9693502168 273.0922109215 272.7504013033 272.4606922824 6.5452105427039715 6.596225865289425 6.680493891011594 26.465205164423505 10.202389634279328 8.540626832191156 8.301255490247682
28166400.0 266.3303905517 269.2700852907 271.0236380578 272.7165781472 273.0922426801 272.7517334021 272.4629955722 6.5080029368737335 6.551645995437149 6.613977351555389 24.397829473120517 10.201540173254152 8.542296359591196 8.302540400673463
28252800.0 265.9124862232 268.779488012 270.6395818283 272.5973829809 273.0922749219 272.7530422997 272.4652688217 6.504079553211319 6.541378548083497 6.594855291684995 21.975616875733113 10.200778561541238 8.54394490324571 8.303814839170018
28339200.0 267.7052615963 269.6008545801 271.0163245192 272.6744609712 273.0923047782 272.7543289574 272.46751253 6.523962836727902 6.559740355263012 6.613565621880826 19.87468384452728 10.200016232414221 8.54557332029862 8.305078890706621
28425600.0 263.9901199776 267.9389334605 270.2607407192 272.5267753548 273.0923346267 272.7555984494 272.4697330173 6.48964348973905 6.527287471732015 6.579864544007833 17.340977560863784 10.199295406569128 8.54718773518078 8.306335948815859
28512000.0 264.6003411866 267.8051268862 270.0324976166 272.4564722939 273.0923673116 272.7568483322 272.4719263096 6.493692990637554 6.52535698447556 6.572184000148734 14.31026845406834 10.19868340824034 8.54878476735705 8.30758360587138
28598400.0 266.5679488437 268.8578142588 270.5863116729 272.5742804754 273.092386225 272.7580776543 272.4740902214 6.510398176997698 6.542898830219408 6.592548221566758 11.710846244080718 10.197767530541533 8.550362897886194 8.308820435198458
28684800.0 266.1896612725 268.9003307342 270.6947948606 272.5738892774 273.0923800357 272.7592878877 272.4762266708 6.506642281089573 6.543741611383498 6.597325327734392 9.544184723489382 10.19630775079309 8.551923718436493 8.31004734855724
28771200.0 264.4704209275 267.8884962321 270.0207185417 272.0719182302 273.09235944 272.7604757681 272.4783316153 6.492795070712994 6.526551141186554 6.571810592324134 8.229011596023627 10.194614255010343 8.553462706173855 8.311261831085194
28857600.0 264.6719743641 267.6542457142 269.6137566513 271.5420983686 273.0923487177 272.7616450945 272.48041057 6.494196894083127 6.5232653626368915 6.560078922929535 8.057873811461675 10.193230286798382 8.554984476011285 8.31246687736241
28944000.0 265.2482775541 267.8465477356 269.6123752532 271.4469284039 273.0923500392 272.7627966636 272.482464039 6.498497627718937 6.525946761455307 6.560042584637254 8.039701060696647 10.192166921818533 8.55648979926719 8.313662616444637
29030400.0 266.1931403298 268.3679755836 269.9002962148 271.5641538356 273.0925890219 272.7639350716 272.4844930133 6.506675419499212 6.534015208719753 6.568110363464432 8.05826468913799 10.196678379094319 8.557984465488417 8.314849467824374
29116800.0 265.4013978249 268.0597821085 269.7790859463 271.5457248799 273.0931462761 272.7650701575 272.4864994139 6.4997204040312955 6.529096084239342 6.564588052213799 8.056470506192774 10.208347909967939 8.559481298738834 8.316028409201474
29203200.0 266.7468456256 268.7246655793 270.1436881327 271.70868576 273.0936974758 272.7662107994 272.4884862478 6.512289380984237 6.540338576364066 6.575816316652794 8.086243915288868 10.219229271573761 8.560992074103313 8.317201080525278
29289600.0 267.291020987 269.1422605914 270.4358401554 271.8556934608 273.0940055777 272.7673588403 272.4904565887 6.5185660022228635 6.548789932292844 6.586402524651244 8.117676875365571 10.223903073665445 8.562519395348499 8.31836919272603
29376000.0 268.1149769402 269.6619257572 270.7693601802 272.0058022191 273.0940094077 272.768508017 272.4924121911 6.529943721652346 6.561359506008547 6.600796567442017 8.154616138458017 10.221415458812647 8.564055055911473 8.31953370132806
29462400.0 267.8736650784 269.639618125 270.8004895648 272.0187060301 273.0936124818 272.7696448085 272.4943526489 6.5263366347973095 6.560763176493878 6.6022944023657155 8.156528670803375 10.209977075879932 8.565580937922215 8.320694284675715
29548800.0 269.8428405546 270.6335081046 271.3209735681 272.1646599902 273.0924414672 272.7707455485 272.4962744619 6.566416585567961 6.594588549853104 6.632753696418362 8.193094586149671 10.181678718436666 8.567064894594639 8.321848753780753
29635200.0 270.4518027442 271.1163824753 271.6369589877 272.2622259232 273.0897885771 272.7717677958 272.4981692567 6.587030010821684 6.619389776339376 6.658499227707271 8.222171302618193 10.123295112155915 8.56844876949625 8.322991935931698
29721600.0 269.7072739427 270.8341474488 271.5209420618 272.2050608721 273.0840066182 272.7726274163 272.5000195017 6.56258958224022 6.603947765529414 6.64817908392503 8.199771669956519 10.00925784123054 8.5696167920954 8.324113010918621
29808000.0 270.1148870094 270.9775161719 271.5653405716 272.1865128324 273.0711053962 272.7731355374 272.5017872262 6.574856323272923 6.611415737713751 6.651994407877758 8.191324249309144 9.798204225636319 8.570309068591124 8.325188520588144
29894400.0 269.9036270504 270.8782136128 271.4945903545 272.1146057818 273.0406229044 272.7727899034 272.5033794296 6.568209932737761 6.606167717609502 6.645987539118948 8.166415543699896 9.447234326864372 8.569838017896387 8.32616097463438
29980800.0 267.8484601129 269.75762906 270.8069518971 271.7183915599 272.9540047501 272.7697312524 272.5044958351 6.525974158064609 6.56398427925871 6.60260908308987 8.070732956289175 8.973381790096195 8.565697245919166 8.32684495318096
30067200.0 266.5951433443 268.7812218188 270.0392171026 271.1511609778 272.7367291804 272.7566616242 272.5040065826 6.510680658907933 6.5414117572434245 6.57239796385776 7.985780976835951 8.53893303691384 8.548545723498087 8.326544991094634
30153600.0 265.873375059 268.0663132948 269.3715052019 270.5590812617 272.3787208876 272.7142284822 272.4984894356 6.5037297911725815 6.52919566377465 6.554014501652569 7.928540063550766 8.267215566865234 8.498230985740832 8.32318559608162
30240000.0 265.7954551403 267.7369369534 268.9393436117 270.0768496202 271.9645161023 272.6162823563 272.4810186971 6.503041319259237 6.524400849982226 6.544526151973301 7.894618018495029 8.122190980691691 8.405725744083039 8.312820422981453
30326400.0 266.8222412418 268.0947904295 268.9722219301 269.8809222706 271.6027185552 272.4587326024 272.4432933086 6.513110373665931 6.529632102682049 6.545195847537295 7.8827298496986185 8.046682310457218 8.30016727387618 8.291751101223332
30412800.0 267.5494870626 268.4740773685 269.1297045952 269.8411972673 271.3308326357 272.2691158137 272.3809373052 6.521863153174141 6.535820316563661 6.5485167601583125 7.88024243616201 8.005455430879065 8.212561238358756 8.260353761119186
30499200.0 267.4283658891 268.444175132 269.0920304488 269.7534732949 271.1141387021 272.0756413205 272.2961261983 6.520290219679487 6.535305413239057 6.547704736299663 7.875463506796632 7.978780606212909 8.148085970121313 8.22324889542514
30585600.0 267.0285997524 268.190650639 268.8955840885 269.5797013592 270.9127849842 271.8890775173 272.1948536127 6.515434591028418 6.531128794274688 6.543646894783325 7.8666965347245945 7.957644748807814 8.10042570809874 8.185527304332172
30672000.0 263.8769174447 266.3973659243 267.7315949844 268.8510006285 270.5928813868 271.6899340201 272.079456017 6.488936668999324 6.508665404588101 6.524326710759709 7.836176831335102 7.929568359270944 8.059906908262475 8.149187283892793
30758400.0 264.8484808677 266.4444282862 267.4730824396 268.4721117567 270.2643594759 271.4749218166 271.9501996661 6.495466307832978 6.509136842038618 6.520865058806317 7.822968927611321 7.905642097432672 8.024472434905086 8.114821864382359
30844800.0 265.6128730991 266.755042072 267.533160346 268.3474653142 270.0009729336 271.2589919613 271.8097993161 6.501470183631435 6.512377928375835 6.52164816144428 7.818881651489338 7.889148170482774 7.995099209357465 8.083226369814515
30931200.0 265.845426319 266.8848880969 267.5682413067 268.2822248734 269.7986429783 271.0557495649 271.6637895547 6.503481577598732 6.51380379967393 6.522111275002074 7.816804087665405 7.87779298697838 7.971672759582421 8.05519494460963
31017600.0 261.8020612676 264.6912053351 266.1962151186 267.4548345032 269.4524220525 270.8368741265 271.510764918 6.477923708483812 6.494333265439197 6.506704727934322 7.794477291615034 7.860698394750964 7.949949120207423 8.029895840127663
31104000.0 259.9989490379 263.1496114711 264.9246353418 266.4811102038 268.9616749186 270.5748452814 271.3427471388 6.470563037553302 6.484686375641843 6.496026604919706 7.773575596722576 7.840178370495246 7.927643631078288 8.005871859745788
31190400.0 260.6605966209 263.0119199106 264.4880371626 265.9135690476 268.4778040001 270.2790401566 271.1555178749 6.473077215792194 6.483933807770976 6.492915634370013 7.7632738564621775 7.823122810470635 7.906194868169648 7.982728910409661
31276800.0 260.9757714224 263.000860179 264.2869902671 265.5708285709 268.0625493599 269.9732847524 270.9519042122 6.474346694906389 6.483874027154093 6.491561176075423 7.757598922159659 7.810424977984209 7.887223552282612 7.960965246167142
31363200.0 260.8704387018 262.8370867986 264.0621133722 265.2805248418 267.7044823893 269.6735894561 270.738093831 6.473916967479857 6.483000115123031 6.490099878813222 7.753099604262972 7.8006469407911405 7.871090119662504 7.941118264233068
31449600.0 262.5591821672 263.6388903705 264.4449676213 265.3594564516 267.4716199888 269.4033281766 270.5238239144 6.481563995301238 6.4874919501362935 6.492621519295539 7.754228881935703 7.794761835534758 7.85821803855628 7.923689230817069
31536000.0 263.9365112998 264.5114645599 265.0085093209 265.6463538819 267.3739293328 269.1821088623 270.3204446094 6.489307136645838 6.493076541327509 6.496652790731686 7.7586622261832865 7.7923710740724825 7.848666488471918 7.90899497409393
31622400.0 264.174788102 264.8347640858 265.3021777383 265.8543302079 267.3432533766 269.009905425 270.1356923592 6.490825180574016 6.495366208933175 6.498923968724268 7.762055779018109 7.791614545089424 7.841762351989246 7.89694446937107
